100.000000 10.075089
100.500000 10.325576
101.000000 10.526371
101.500000 10.752554
102.000000 10.847093
102.500000 10.954431
103.000000 11.017278
103.500000 10.993066
104.000000 10.820754
104.500000 10.561014
105.000000 10.422149
105.500000 10.031728
106.000000 9.825863
106.500000 9.771744
107.000000 9.813745
107.500000 9.706387
108.000000 9.759690
108.500000 9.844424
109.000000 9.825946
109.500000 9.840533
110.000000 9.785711
110.500000 9.730073
111.000000 9.747879
111.500000 9.903641
112.000000 9.726627
112.500000 9.862983
113.000000 9.831120
113.500000 9.911726
114.000000 9.784040
114.500000 9.851631
115.000000 9.603891
115.500000 9.417174
116.000000 9.126178
116.500000 8.920582
117.000000 8.746593
117.500000 8.483716
118.000000 8.174346
118.500000 7.951943
119.000000 7.830892
119.500000 7.877009
120.000000 8.336646
120.500000 8.264455
121.000000 8.166909
121.500000 8.295832
122.000000 8.372555
122.500000 8.530339
123.000000 8.582710
123.500000 8.657612
124.000000 8.845468
124.500000 9.021206
125.000000 9.091496
125.500000 9.210038
126.000000 9.107988
126.500000 9.198864
127.000000 9.073472
127.500000 9.070647
128.000000 8.936872
128.500000 8.805604
129.000000 8.461032
129.500000 8.386841
130.000000 8.348069
130.500000 8.404724
131.000000 8.268121
131.500000 8.171618
132.000000 7.997021
132.500000 8.068841
133.000000 8.022709
133.500000 8.058263
134.000000 8.132575
134.500000 8.113627
135.000000 8.289223
135.500000 8.264338
136.000000 8.371947
136.500000 8.544645
137.000000 8.556219
137.500000 8.494617
138.000000 8.494315
138.500000 8.426814
139.000000 8.232877
139.500000 8.282595
140.000000 7.752360
140.500000 7.692606
141.000000 7.615590
141.500000 7.582762
142.000000 7.433627
142.500000 7.193071
143.000000 7.131451
143.500000 6.992549
144.000000 6.915524
144.500000 6.939071
145.000000 6.839664
145.500000 6.871216
146.000000 6.835858
146.500000 6.887997
147.000000 7.036246
147.500000 7.097106
148.000000 7.164973
148.500000 7.217904
149.000000 7.205656
149.500000 7.285970
150.000000 7.031102
150.500000 7.010867
151.000000 7.051991
151.500000 6.990801
152.000000 7.012342
152.500000 6.920619
153.000000 6.773194
153.500000 6.694054
154.000000 6.621891
154.500000 6.515587
155.000000 6.529322
155.500000 6.489412
156.000000 6.468282
156.500000 6.464919
157.000000 6.431035
157.500000 6.480870
158.000000 6.436150
158.500000 6.481693
159.000000 6.587815
159.500000 6.667928
160.000000 6.552122
160.500000 6.522163
161.000000 6.583060
161.500000 6.505735
162.000000 6.437272
162.500000 6.378050
163.000000 6.320311
163.500000 6.231238
164.000000 6.022169
164.500000 5.855976
165.000000 5.736963
165.500000 5.527358
166.000000 5.416628
166.500000 5.212055
167.000000 5.066381
167.500000 5.007892
168.000000 4.931325
168.500000 4.897420
169.000000 4.918129
169.500000 4.954282
170.000000 4.959472
170.500000 5.072948
171.000000 5.163290
171.500000 5.298424
172.000000 5.384053
172.500000 5.511127
173.000000 5.592892
173.500000 5.638735
174.000000 5.698425
174.500000 5.696040
175.000000 5.648400
175.500000 5.591531
176.000000 5.490195
176.500000 5.357080
177.000000 5.296858
177.500000 5.134337
178.000000 4.972357
178.500000 4.829363
179.000000 4.708133
179.500000 4.611262
180.000000 4.410856
180.500000 4.331119
181.000000 4.329067
181.500000 4.340282
182.000000 4.376699
182.500000 4.468458
183.000000 4.565654
183.500000 4.670939
184.000000 4.780003
184.500000 4.887432
185.000000 4.958007
185.500000 5.028580
186.000000 5.071416
186.500000 5.067817
187.000000 5.043137
187.500000 4.968297
188.000000 4.908304
188.500000 4.771540
189.000000 4.613279
189.500000 4.425757
190.000000 4.111705
190.500000 3.904396
191.000000 3.681124
191.500000 3.417953
192.000000 3.199813
192.500000 2.999526
193.000000 2.823829
193.500000 2.712459
194.000000 2.605332
194.500000 2.584939
195.000000 2.542230
195.500000 2.604666
196.000000 2.652747
196.500000 2.727664
197.000000 2.782874
197.500000 2.884071
198.000000 2.929316
198.500000 2.987237
199.000000 3.021145
199.500000 3.110140
200.000000 3.048990
200.500000 2.988911
201.000000 2.911906
201.500000 2.846276
202.000000 2.774853
202.500000 2.655595
203.000000 2.570784
203.500000 2.470131
204.000000 2.374492
204.500000 2.293082
205.000000 2.224848
205.500000 2.186077
206.000000 2.127807
206.500000 2.150672
207.000000 2.114946
207.500000 2.156533
208.000000 2.181693
208.500000 2.243824
209.000000 2.213250
209.500000 2.269367
210.000000 2.323948
210.500000 2.364648
211.000000 2.391020
211.500000 2.328240
212.000000 2.269402
212.500000 2.227977
213.000000 2.155251
213.500000 2.088116
214.000000 1.982364
214.500000 1.928706
215.000000 1.877473
215.500000 1.843095
216.000000 1.783310
216.500000 1.740556
217.000000 1.674919
217.500000 1.652535
218.000000 1.666907
218.500000 1.704512
219.000000 1.697955
219.500000 1.700791
220.000000 1.834114
220.500000 1.799508
221.000000 1.816028
221.500000 1.815752
222.000000 1.836866
222.500000 1.798939
223.000000 1.744823
223.500000 1.724991
224.000000 1.689128
224.500000 1.655231
225.000000 1.593801
225.500000 1.528976
226.000000 1.514507
226.500000 1.444012
227.000000 1.416479
227.500000 1.348540
228.000000 1.348315
228.500000 1.261619
229.000000 1.245533
229.500000 1.289432
230.000000 1.396867
230.500000 1.436423
231.000000 1.451123
231.500000 1.492385
232.000000 1.474219
232.500000 1.491494
233.000000 1.447972
233.500000 1.467623
234.000000 1.401802
234.500000 1.380904
235.000000 1.317993
235.500000 1.297608
236.000000 1.288574
236.500000 1.232888
237.000000 1.204162
237.500000 1.143483
238.000000 1.138090
238.500000 1.095503
239.000000 1.072711
239.500000 1.031786
240.000000 1.031324
240.500000 1.097464
241.000000 1.104531
241.500000 1.135940
242.000000 1.190884
242.500000 1.224485
243.000000 1.188608
243.500000 1.162710
244.000000 1.150375
244.500000 1.130181
245.000000 1.128828
245.500000 1.090777
246.000000 1.068674
246.500000 1.098132
247.000000 0.996727
247.500000 0.946012
248.000000 0.918370
248.500000 0.951655
249.000000 0.885357
249.500000 0.878091
250.000000 0.862442
250.500000 0.856658
251.000000 0.851750
251.500000 0.901327
252.000000 0.928660
252.500000 0.873586
253.000000 0.913377
253.500000 0.967220
254.000000 0.965173
254.500000 0.923272
255.000000 0.878952
255.500000 0.891800
256.000000 0.887977
256.500000 0.942737
257.000000 0.867305
257.500000 0.865853
258.000000 0.862526
258.500000 0.791900
259.000000 0.766134
259.500000 0.772675
260.000000 0.697539
260.500000 0.748571
261.000000 0.726086
261.500000 0.737536
262.000000 0.750367
262.500000 0.773259
263.000000 0.764393
263.500000 0.829701
264.000000 0.861114
264.500000 0.799639
265.000000 0.802098
265.500000 0.750089
266.000000 0.780176
266.500000 0.786373
267.000000 0.791024
267.500000 0.732649
268.000000 0.732342
268.500000 0.683831
269.000000 0.683142
269.500000 0.637161
270.000000 0.574642
270.500000 0.561110
271.000000 0.645366
271.500000 0.588719
272.000000 0.629031
272.500000 0.573627
273.000000 0.567495
273.500000 0.562164
274.000000 0.605879
274.500000 0.642881
275.000000 0.658695
275.500000 0.646916
276.000000 0.643430
276.500000 0.671644
277.000000 0.642399
277.500000 0.644401
278.000000 0.718684
278.500000 0.620881
279.000000 0.573072
279.500000 0.528359
280.000000 0.482039
280.500000 0.467884
281.000000 0.516965
281.500000 0.496813
282.000000 0.529950
282.500000 0.555680
283.000000 0.492163
283.500000 0.462392
284.000000 0.517079
284.500000 0.520057
285.000000 0.614596
285.500000 0.585817
286.000000 0.558667
286.500000 0.593012
287.000000 0.633648
287.500000 0.588166
288.000000 0.536887
288.500000 0.580178
289.000000 0.550711
289.500000 0.568117
290.000000 0.474711
290.500000 0.442550
291.000000 0.434653
291.500000 0.429010
292.000000 0.495965
292.500000 0.507021
293.000000 0.505464
293.500000 0.499093
294.000000 0.442980
294.500000 0.473877
295.000000 0.438800
295.500000 0.456369
296.000000 0.512348
296.500000 0.489624
297.000000 0.523557
297.500000 0.518352
298.000000 0.528894
298.500000 0.531555
299.000000 0.471411
299.500000 0.449231
300.000000 0.403052
300.500000 0.411442
301.000000 0.428202
301.500000 0.368020
302.000000 0.384474
302.500000 0.359969
303.000000 0.374008
303.500000 0.419736
304.000000 0.396076
304.500000 0.361740
305.000000 0.406183
305.500000 0.419140
306.000000 0.508361
306.500000 0.451062
307.000000 0.458871
307.500000 0.444400
308.000000 0.487940
308.500000 0.470135
309.000000 0.469321
309.500000 0.444620
310.000000 0.394397
310.500000 0.347468
311.000000 0.331975
311.500000 0.321697
312.000000 0.294146
312.500000 0.391286
313.000000 0.344460
313.500000 0.357328
314.000000 0.382933
314.500000 0.354896
315.000000 0.292494
315.500000 0.390412
316.000000 0.408047
316.500000 0.414428
317.000000 0.444262
317.500000 0.411794
318.000000 0.399528
318.500000 0.373123
319.000000 0.407771
319.500000 0.410713
320.000000 0.376224
320.500000 0.365734
321.000000 0.367090
321.500000 0.365326
322.000000 0.314438
322.500000 0.343612
323.000000 0.347541
323.500000 0.333110
324.000000 0.351483
324.500000 0.317590
325.000000 0.325639
325.500000 0.356609
326.000000 0.297090
326.500000 0.373076
327.000000 0.353120
327.500000 0.396313
328.000000 0.375604
328.500000 0.372715
329.000000 0.411997
329.500000 0.363885
330.000000 0.337974
330.500000 0.373484
331.000000 0.349714
331.500000 0.335251
332.000000 0.320026
332.500000 0.326270
333.000000 0.291753
333.500000 0.297006
334.000000 0.330903
334.500000 0.279589
335.000000 0.317883
335.500000 0.306973
336.000000 0.302348
336.500000 0.374058
337.000000 0.392470
337.500000 0.355269
338.000000 0.346889
338.500000 0.348722
339.000000 0.323078
339.500000 0.350785
340.000000 0.344652
340.500000 0.321439
341.000000 0.284884
341.500000 0.295807
342.000000 0.320427
342.500000 0.299095
343.000000 0.292380
343.500000 0.323551
344.000000 0.292093
344.500000 0.328531
345.000000 0.279010
345.500000 0.275939
346.000000 0.324106
346.500000 0.307430
347.000000 0.355374
347.500000 0.320941
348.000000 0.337876
348.500000 0.343442
349.000000 0.322476
349.500000 0.329778
350.000000 0.304160
350.500000 0.325447
351.000000 0.327743
351.500000 0.303856
352.000000 0.331537
352.500000 0.332711
353.000000 0.313373
353.500000 0.307696
354.000000 0.338005
354.500000 0.265510
355.000000 0.319718
355.500000 0.308328
356.000000 0.309200
356.500000 0.270048
357.000000 0.311531
357.500000 0.345220
358.000000 0.309235
358.500000 0.273397
359.000000 0.307336
359.500000 0.283572
360.000000 0.303328
360.500000 0.325063
361.000000 0.287146
361.500000 0.319447
362.000000 0.262993
362.500000 0.302540
363.000000 0.305511
363.500000 0.300602
364.000000 0.277079
364.500000 0.270182
365.000000 0.262813
365.500000 0.283183
366.000000 0.300356
366.500000 0.273707
367.000000 0.313199
367.500000 0.277022
368.000000 0.305457
368.500000 0.348078
369.000000 0.301636
369.500000 0.292537
370.000000 0.313638
370.500000 0.301616
371.000000 0.341676
371.500000 0.338091
372.000000 0.323807
372.500000 0.306110
373.000000 0.332990
373.500000 0.240186
374.000000 0.265585
374.500000 0.283576
375.000000 0.271651
375.500000 0.297903
376.000000 0.349035
376.500000 0.286624
377.000000 0.290349
377.500000 0.282180
378.000000 0.259235
378.500000 0.265316
379.000000 0.274488
379.500000 0.330307
380.000000 0.301421
380.500000 0.278550
381.000000 0.268988
381.500000 0.314419
382.000000 0.279932
382.500000 0.263621
383.000000 0.277882
383.500000 0.285785
384.000000 0.278390
384.500000 0.248323
385.000000 0.299084
385.500000 0.275603
386.000000 0.266811
386.500000 0.279331
387.000000 0.308913
387.500000 0.323502
388.000000 0.268853
388.500000 0.276152
389.000000 0.291509
389.500000 0.293285
390.000000 0.283775
390.500000 0.348903
391.000000 0.286988
391.500000 0.278481
392.000000 0.321026
392.500000 0.320578
393.000000 0.326760
393.500000 0.256772
394.000000 0.273628
394.500000 0.269972
395.000000 0.269293
395.500000 0.271002
396.000000 0.278286
396.500000 0.273288
397.000000 0.280173
397.500000 0.257856
398.000000 0.251652
398.500000 0.273140
399.000000 0.267982
399.500000 0.271999
