0.000000 0.000000
0.100000 -5.620882
0.200000 -24.495268
0.300000 22.538391
0.400000 16.364437
0.500000 -14.808724
0.600000 4.025480
0.700000 -17.984394
0.800000 13.630223
0.900000 -7.908908
1.000000 8.535362
1.100000 -9.289052
1.200000 25.492084
1.300000 -10.313983
1.400000 -17.183829
1.500000 -2.056498
1.600000 7.151406
1.700000 12.031315
1.800000 11.337537
1.900000 -37.352274
2.000000 11.013323
2.100000 9.310225
2.200000 5.715514
2.300000 4.553392
2.400000 -20.416831
2.500000 0.509097
2.600000 5.743873
2.700000 3.351889
2.800000 -10.406397
2.900000 20.847827
3.000000 -6.341253
3.100000 1.829877
3.200000 -16.838585
3.300000 -6.096437
3.400000 12.727965
3.500000 24.311797
3.600000 -23.717758
3.700000 0.271617
3.800000 -12.069883
3.900000 17.900445
4.000000 7.988684
4.100000 -5.707530
4.200000 -18.652870
4.300000 10.324976
4.400000 -0.172562
4.500000 -1.804413
4.600000 12.230651
4.700000 -9.566458
4.800000 14.492791
4.900000 -11.192675
5.000000 -18.669446
5.100000 6.647386
5.200000 16.743763
5.300000 1.932775
5.400000 3.895656
5.500000 -29.260316
5.600000 13.614581
5.700000 3.231139
5.800000 16.007024
5.900000 -22.372180
6.000000 5.383284
6.100000 -8.268362
6.200000 7.583394
6.300000 8.522324
6.400000 -9.537260
6.500000 10.874263
6.600000 1.668839
6.700000 -21.709806
6.800000 5.315936
6.900000 -4.713990
7.000000 17.620939
7.100000 13.817127
7.200000 -26.007189
7.300000 2.600271
7.400000 -9.505874
7.500000 22.898439
7.600000 -7.846344
7.700000 2.622683
7.800000 -15.880596
7.900000 7.840700
8.000000 4.694645
8.100000 -0.020930
8.200000 1.672433
8.300000 7.738617
8.400000 -18.216347
8.500000 8.709857
8.600000 -20.615107
8.700000 18.847471
8.800000 13.928753
8.900000 -6.446080
9.000000 -3.855192
9.100000 -16.388394
9.200000 8.527450
9.300000 7.625675
9.400000 5.606009
9.500000 -12.977109
9.600000 2.766116
9.700000 -4.870586
9.800000 8.799304
9.900000 -0.047645
