100
0.000000 1.214434
0.100000 -5.979116
0.200000 -22.004722
0.300000 19.455956
0.400000 21.091285
0.500000 -5.804439
0.600000 -1.480158
0.700000 -17.378564
0.800000 14.863875
0.900000 -6.143212
1.000000 13.849569
1.100000 -5.542353
1.200000 28.237708
1.300000 -14.595132
1.400000 -15.253365
1.500000 0.430279
1.600000 13.316135
1.700000 8.255535
1.800000 9.899885
1.900000 -40.315479
2.000000 14.853171
2.100000 5.745401
2.200000 7.301198
2.300000 -3.801244
2.400000 -16.661381
2.500000 -0.196402
2.600000 5.340825
2.700000 -3.604762
2.800000 -13.692672
2.900000 21.770243
3.000000 -9.170129
3.100000 -4.400376
3.200000 -21.651686
3.300000 -5.533138
3.400000 6.566650
3.500000 17.056799
3.600000 -24.293382
3.700000 4.619849
3.800000 -14.073834
3.900000 15.445140
4.000000 11.079125
4.100000 -14.600641
4.200000 -15.594689
4.300000 12.159767
4.400000 1.405297
4.500000 -1.537289
4.600000 11.130533
4.700000 -11.381173
4.800000 12.082506
4.900000 -14.534020
5.000000 -20.630377
5.100000 13.802376
5.200000 24.675020
5.300000 1.915942
5.400000 1.843318
5.500000 -28.838692
5.600000 11.222064
5.700000 -3.660743
5.800000 16.032648
5.900000 -16.274643
6.000000 5.249480
6.100000 -12.607817
6.200000 11.200312
6.300000 6.336728
6.400000 -14.837026
6.500000 6.201326
6.600000 -0.674512
6.700000 -20.391161
6.800000 8.976725
6.900000 4.098386
7.000000 23.777904
7.100000 9.210964
7.200000 -28.978357
7.300000 0.627342
7.400000 -10.270288
7.500000 19.638356
7.600000 -5.384654
7.700000 0.901861
7.800000 -18.041549
7.900000 14.098476
8.000000 -2.762425
8.100000 2.262879
8.200000 0.498200
8.300000 6.213531
8.400000 -24.961142
8.500000 14.388069
8.600000 -16.855450
8.700000 16.260986
8.800000 14.626883
8.900000 -14.155188
9.000000 -3.719056
9.100000 -15.082021
9.200000 12.486293
9.300000 5.849941
9.400000 9.615027
9.500000 -11.240221
9.600000 1.145685
9.700000 1.584336
9.800000 8.842860
9.900000 -3.165361
