X Y Z
0.500000 3 17.181208
0.250000 3 53.621622
0.125000 3 139.167785
0.062500 3 484.510067
0.031250 3 496.536913
0.015625 3 520.590604
0.007812 3 556.671141
0.003906 3 482.791946
0.001953 3 477.521886
0.000977 3 501.725753
0.500000 7 70.442953
0.250000 7 60.336700
0.125000 7 539.582492
0.062500 7 482.693603
0.031250 7 480.864865
0.015625 7 472.350168
0.007812 7 467.328859
0.003906 7 484.510067
0.001953 7 479.355705
0.000977 7 513.718121
0.500000 15 47.342466
0.250000 15 242.255034
0.125000 15 517.154362
0.062500 15 441.557047
0.031250 15 546.948805
0.015625 15 544.644295
0.007812 15 484.417508
0.003906 15 548.202020
0.001953 15 554.953020
0.000977 15 501.691275
0.500000 31 63.784512
0.250000 31 99.986532
0.125000 31 508.575251
0.062500 31 544.976271
0.031250 31 475.919463
0.015625 31 534.410774
0.007812 31 551.516779
0.003906 31 529.181208
0.001953 31 529.534247
0.000977 31 479.245791
0.500000 63 176.374582
0.250000 63 190.915254
0.125000 63 517.154362
0.062500 63 530.836120
0.031250 63 503.438127
0.015625 63 532.617450
0.007812 63 505.127517
0.003906 63 484.417508
0.001953 63 493.037037
0.000977 63 569.081081