0.500000 2 0.000000
0.500000 4 0.000000
0.500000 8 455.111111
0.500000 16 431.157895
0.500000 32 361.411765
0.500000 64 451.764706
0.500000 128 341.333333
0.250000 2 256.000000
0.250000 4 284.444444
0.250000 8 540.444444
0.250000 16 320.000000
0.250000 32 323.368421
0.250000 64 540.444444
0.250000 128 597.333333
0.125000 2 455.111111
0.125000 4 654.222222
0.125000 8 341.333333
0.125000 16 597.333333
0.125000 32 352.000000
0.125000 64 483.555556
0.125000 128 540.444444
0.062500 2 538.947368
0.062500 4 597.333333
0.062500 8 455.111111
0.062500 16 796.444444
0.062500 32 485.052632
0.062500 64 568.888889
0.062500 128 662.588235
0.031250 2 512.000000
0.031250 4 619.789474
0.031250 8 654.222222
0.031250 16 538.947368
0.031250 32 483.555556
0.031250 64 546.133333
0.031250 128 727.578947
