0.000000 12.396740
400.000000 12.376133
800.000000 12.311600
1200.000000 12.201543
1600.000000 11.510632
2000.000000 9.926325
2400.000000 8.582003
2800.000000 8.073889
3200.000000 6.769706
3600.000000 2.618809
4000.000000 1.263414
4400.000000 1.263414
4800.000000 1.263414
5200.000000 1.263414
5600.000000 1.263414
6000.000000 1.263414
6400.000000 1.263414
6800.000000 1.263414
7200.000000 1.263414
7600.000000 1.263414
8000.000000 1.263414
8400.000000 1.263414
8800.000000 1.263414
9200.000000 1.263414
9600.000000 1.263414
10000.000000 1.263414
10400.000000 1.263414
10800.000000 1.263414
11200.000000 1.263414
11600.000000 1.263414
12000.000000 1.263414
12400.000000 1.263414
12800.000000 1.263414
13200.000000 1.263414
13600.000000 1.263414
14000.000000 1.263414
14400.000000 1.263414
14800.000000 1.263414
15200.000000 1.263414
15600.000000 1.263414
16000.000000 1.263414
16400.000000 1.263414
16800.000000 1.263414
17200.000000 1.263414
17600.000000 1.263414
18000.000000 1.263414
18400.000000 1.263414
18800.000000 1.263414
19200.000000 1.263414
19600.000000 1.263414
20000.000000 1.263414
