10 2.145613
11 1.812463
12 1.541147
13 1.320622
14 1.142471
15 0.994620
16 0.875313
17 0.778852
18 0.701227
19 0.649209
20 0.611577
21 0.589711
22 0.577946
23 0.571729
24 0.568146
25 0.566127
26 0.564569
27 0.563853
28 0.563853
29 0.563853
30 0.563853
31 0.563853
32 0.563853
33 0.563853
34 0.563853
35 0.563853
36 0.563853
37 0.563853
38 0.563853
39 0.563853
40 0.563853
41 0.563853
42 0.563853
43 0.563853
44 0.563853
45 0.563853
46 0.563853
47 0.563853
48 0.563853
49 0.563853
50 0.563853
51 0.563853
52 0.563853
53 0.563853
54 0.563853
55 0.563853
56 0.563853
57 0.563853
58 0.563853
59 0.563853
60 0.563853
61 0.563853
62 0.563853
63 0.563853
64 0.563853
65 0.563853
66 0.563853
67 0.563853
68 0.563853
69 0.563853
70 0.563853
71 0.563853
72 0.563853
73 0.563853
74 0.563853
75 0.563853
76 0.563853
77 0.563853
78 0.563853
79 0.563853
80 0.563853
81 0.563853
82 0.563853
83 0.563853
84 0.563853
85 0.563853
86 0.563853
87 0.563853
88 0.563853
89 0.563853
90 0.563853
91 0.563853
92 0.563853
93 0.563853
94 0.563853
95 0.563853
96 0.563853
97 0.563853
98 0.563853
99 0.563853
100 0.563853
