0.000000 14.411305
400.000000 14.309138
800.000000 13.594133
1200.000000 12.776761
1600.000000 10.999002
2000.000000 10.178649
2400.000000 10.020090
2800.000000 8.845428
3200.000000 7.058329
3600.000000 6.309000
4000.000000 1.663780
4400.000000 1.085023
4800.000000 1.663780
5200.000000 1.085023
5600.000000 1.663780
6000.000000 1.085023
6400.000000 1.085023
6800.000000 1.663780
7200.000000 1.085023
7600.000000 1.663780
8000.000000 1.085023
8400.000000 1.663780
8800.000000 1.085023
9200.000000 1.663780
9600.000000 1.085023
10000.000000 1.085023
10400.000000 1.663780
10800.000000 1.085023
11200.000000 1.663780
11600.000000 1.085023
12000.000000 1.663780
12400.000000 1.085023
12800.000000 1.663780
13200.000000 1.085023
13600.000000 1.663780
14000.000000 1.663780
14400.000000 1.085023
14800.000000 1.663780
15200.000000 1.085023
15600.000000 1.663780
16000.000000 1.085023
16400.000000 1.663780
16800.000000 1.085023
17200.000000 1.663780
17600.000000 1.085023
18000.000000 1.085023
18400.000000 1.663780
18800.000000 1.085023
19200.000000 1.663780
19600.000000 1.085023
20000.000000 1.663780
