10 2.728744
11 2.315447
12 1.996604
13 1.754453
14 1.578164
15 1.448018
16 1.347877
17 1.271315
18 1.211479
19 1.168124
20 1.134235
21 1.111381
22 1.095614
23 1.083780
24 1.075818
25 1.071601
26 1.067641
27 1.065344
28 1.065344
29 1.065344
30 1.065344
31 1.065344
32 1.065344
33 1.065344
34 1.065344
35 1.065344
36 1.065344
37 1.065344
38 1.065344
39 1.065344
40 1.065344
41 1.065344
42 1.065344
43 1.065344
44 1.065344
45 1.065344
46 1.065344
47 1.065344
48 1.065344
49 1.065344
50 1.065344
51 1.065344
52 1.065344
53 1.065344
54 1.065344
55 1.065344
56 1.065344
57 1.065344
58 1.065344
59 1.065344
60 1.065344
61 1.065344
62 1.065344
63 1.065344
64 1.065344
65 1.065344
66 1.065344
67 1.065344
68 1.065344
69 1.065344
70 1.065344
71 1.065344
72 1.065344
73 1.065344
74 1.065344
75 1.065344
76 1.065344
77 1.065344
78 1.065344
79 1.065344
80 1.065344
81 1.065344
82 1.065344
83 1.065344
84 1.065344
85 1.065344
86 1.065344
87 1.065344
88 1.065344
89 1.065344
90 1.065344
91 1.065344
92 1.065344
93 1.065344
94 1.065344
95 1.065344
96 1.065344
97 1.065344
98 1.065344
99 1.065344
100 1.065344
