0.0000000000 26.8000000000
0.0000500000 40.0000000000
0.0001000000 -40.0000000000
0.0001500000 -6.4000000000
0.0002000000 -2.6000000000
0.0002500000 30.2000000000
0.0003000000 15.0000000000
0.0003500000 -40.0000000000
0.0004000000 28.8000000000
0.0004500000 12.0000000000
0.0005000000 -10.6000000000
0.0005500000 19.4000000000
0.0006000000 -32.2000000000
0.0006500000 4.2000000000
0.0007000000 15.4000000000
0.0007500000 12.4000000000
0.0008000000 -20.4000000000
0.0008500000 -15.8000000000
0.0009000000 25.8000000000
0.0009500000 -3.2000000000
0.0010000000 6.6000000000
0.0010500000 -24.2000000000
0.0011000000 8.8000000000
0.0011500000 21.2000000000
0.0012000000 -29.2000000000
0.0012500000 19.4000000000
0.0013000000 -3.8000000000
0.0013500000 -14.4000000000
0.0014000000 24.0000000000
0.0014500000 -17.8000000000
0.0015000000 1.0000000000
0.0015500000 15.6000000000
0.0016000000 -16.8000000000
0.0016500000 4.6000000000
0.0017000000 -3.0000000000
0.0017500000 8.2000000000
0.0018000000 4.6000000000
0.0018500000 -18.0000000000
0.0019000000 3.4000000000
0.0019500000 8.4000000000
0.0020000000 8.4000000000
0.0020500000 -14.2000000000
0.0021000000 -6.2000000000
0.0021500000 9.6000000000
0.0022000000 1.8000000000
0.0022500000 10.0000000000
0.0023000000 -18.2000000000
0.0023500000 -12.0000000000
0.0024000000 34.4000000000
0.0024500000 -12.8000000000
0.0025000000 -9.6000000000
0.0025500000 11.6000000000
0.0026000000 -23.0000000000
0.0026500000 31.8000000000
0.0027000000 -8.8000000000
0.0027500000 -14.2000000000
0.0028000000 13.8000000000
0.0028500000 -27.0000000000
0.0029000000 40.0000000000
0.0029500000 -14.8000000000
0.0030000000 -40.0000000000
0.0030500000 40.0000000000
0.0031000000 4.2000000000
0.0031500000 -12.6000000000
0.0032000000 -17.6000000000
0.0032500000 5.8000000000
0.0033000000 38.8000000000
0.0033500000 -37.8000000000
0.0034000000 -9.2000000000
0.0034500000 30.6000000000
0.0035000000 -7.4000000000
0.0035500000 -13.4000000000
0.0036000000 2.0000000000
0.0036500000 19.4000000000
0.0037000000 -20.8000000000
0.0037500000 6.0000000000
0.0038000000 2.2000000000
0.0038500000 -4.8000000000
0.0039000000 20.0000000000
0.0039500000 -35.8000000000
0.0040000000 23.4000000000
0.0040500000 3.4000000000
0.0041000000 -15.6000000000
0.0041500000 25.6000000000
0.0042000000 -40.0000000000
0.0042500000 27.0000000000
0.0043000000 22.2000000000
0.0043500000 -40.0000000000
0.0044000000 18.8000000000
0.0044500000 -5.8000000000
0.0045000000 9.2000000000
0.0045500000 9.0000000000
0.0046000000 -27.6000000000
0.0046500000 14.6000000000
0.0047000000 -4.0000000000
0.0047500000 14.6000000000
0.0048000000 -2.8000000000
0.0048500000 -26.6000000000
0.0049000000 18.8000000000
0.0049500000 7.2000000000
0.0050000000 6.6000000000
0.0050500000 -28.8000000000
0.0051000000 3.4000000000
0.0051500000 33.6000000000
0.0052000000 -28.6000000000
0.0052500000 3.2000000000
0.0053000000 8.0000000000
0.0053500000 -11.6000000000
0.0054000000 14.2000000000
0.0054500000 -7.8000000000
0.0055000000 -2.2000000000
0.0055500000 7.4000000000
0.0056000000 -12.2000000000
0.0056500000 14.4000000000
0.0057000000 -6.4000000000
0.0057500000 -8.4000000000
0.0058000000 19.6000000000
0.0058500000 -16.2000000000
0.0059000000 -5.2000000000
0.0059500000 20.6000000000
0.0060000000 -5.0000000000
0.0060500000 -17.6000000000
0.0061000000 9.0000000000
0.0061500000 12.8000000000
0.0062000000 -7.8000000000
0.0062500000 -11.0000000000
0.0063000000 7.4000000000
0.0063500000 11.6000000000
0.0064000000 -15.0000000000
0.0064500000 -4.2000000000
0.0065000000 24.4000000000
0.0065500000 -16.4000000000
0.0066000000 -18.0000000000
0.0066500000 32.4000000000
0.0067000000 -6.8000000000
0.0067500000 -8.8000000000
0.0068000000 -9.4000000000
0.0068500000 5.0000000000
0.0069000000 39.2000000000
0.0069500000 -40.0000000000
0.0070000000 -5.6000000000
0.0070500000 30.8000000000
0.0071000000 -9.4000000000
0.0071500000 12.0000000000
0.0072000000 -34.8000000000
0.0072500000 8.4000000000
0.0073000000 40.0000000000
0.0073500000 -34.4000000000
0.0074000000 -0.8000000000
0.0074500000 4.2000000000
0.0075000000 0.2000000000
0.0075500000 16.4000000000
0.0076000000 -18.2000000000
0.0076500000 1.2000000000
0.0077000000 -4.0000000000
0.0077500000 9.6000000000
0.0078000000 14.2000000000
0.0078500000 -23.6000000000
0.0079000000 -7.2000000000
0.0079500000 13.4000000000
0.0080000000 24.8000000000
0.0080500000 -30.2000000000
0.0081000000 -16.0000000000
0.0081500000 37.2000000000
0.0082000000 -10.6000000000
0.0082500000 -9.6000000000
0.0083000000 5.0000000000
0.0083500000 -0.2000000000
0.0084000000 1.4000000000
0.0084500000 -5.0000000000
0.0085000000 11.0000000000
0.0085500000 -4.0000000000
0.0086000000 -16.0000000000
0.0086500000 17.0000000000
0.0087000000 7.0000000000
0.0087500000 -16.2000000000
0.0088000000 -3.0000000000
0.0088500000 18.4000000000
0.0089000000 -9.8000000000
0.0089500000 -11.4000000000
0.0090000000 26.2000000000
0.0090500000 -18.6000000000
0.0091000000 -7.8000000000
0.0091500000 19.8000000000
0.0092000000 -4.8000000000
0.0092500000 -3.6000000000
0.0093000000 -12.4000000000
0.0093500000 18.8000000000
0.0094000000 10.0000000000
0.0094500000 -39.0000000000
0.0095000000 22.2000000000
0.0095500000 25.4000000000
0.0096000000 -40.0000000000
0.0096500000 5.4000000000
0.0097000000 20.2000000000
0.0097500000 1.8000000000
0.0098000000 -16.0000000000
0.0098500000 -19.6000000000
0.0099000000 40.0000000000
0.0099500000 -0.6000000000
0.0100000000 -33.0000000000
0.0100500000 9.4000000000
0.0101000000 9.4000000000
0.0101500000 12.0000000000
0.0102000000 -12.4000000000
0.0102500000 -20.2000000000
0.0103000000 20.2000000000
0.0103500000 10.0000000000
0.0104000000 -8.6000000000
0.0104500000 -10.0000000000
0.0105000000 -3.2000000000
0.0105500000 17.8000000000
0.0106000000 -0.2000000000
0.0106500000 -9.8000000000
0.0107000000 -4.4000000000
0.0107500000 2.0000000000
0.0108000000 9.4000000000
0.0108500000 7.0000000000
0.0109000000 -16.2000000000
0.0109500000 -16.8000000000
0.0110000000 33.2000000000
0.0110500000 3.4000000000
0.0111000000 -24.6000000000
0.0111500000 -2.4000000000
0.0112000000 12.8000000000
0.0112500000 14.8000000000
0.0113000000 -22.4000000000
0.0113500000 -2.2000000000
0.0114000000 15.8000000000
0.0114500000 -10.8000000000
0.0115000000 4.2000000000
0.0115500000 5.6000000000
0.0116000000 -10.2000000000
0.0116500000 -3.8000000000
0.0117000000 10.8000000000
0.0117500000 9.2000000000
0.0118000000 -21.6000000000
0.0118500000 2.4000000000
0.0119000000 17.4000000000
0.0119500000 -14.2000000000
0.0120000000 4.4000000000
0.0120500000 1.0000000000
0.0121000000 -4.6000000000
0.0121500000 2.4000000000
0.0122000000 -0.0000000000
0.0122500000 7.6000000000
0.0123000000 -10.6000000000
0.0123500000 -8.0000000000
0.0124000000 24.0000000000
0.0124500000 -7.8000000000
0.0125000000 -24.4000000000
0.0125500000 32.8000000000
0.0126000000 -5.8000000000
0.0126500000 -24.6000000000
0.0127000000 21.0000000000
0.0127500000 3.6000000000
0.0128000000 -1.2000000000
0.0128500000 -20.8000000000
0.0129000000 4.6000000000
0.0129500000 37.6000000000
0.0130000000 -30.0000000000
0.0130500000 -19.2000000000
0.0131000000 27.6000000000
0.0131500000 2.4000000000
0.0132000000 -2.8000000000
0.0132500000 -14.2000000000
0.0133000000 -2.6000000000
0.0133500000 21.6000000000
0.0134000000 -0.2000000000
0.0134500000 -16.8000000000
0.0135000000 -6.4000000000
0.0135500000 20.6000000000
0.0136000000 2.8000000000
0.0136500000 -15.6000000000
0.0137000000 -3.8000000000
0.0137500000 14.2000000000
0.0138000000 2.2000000000
0.0138500000 -17.2000000000
0.0139000000 13.0000000000
0.0139500000 1.2000000000
0.0140000000 -10.8000000000
0.0140500000 5.4000000000
0.0141000000 7.6000000000
0.0141500000 -5.6000000000
0.0142000000 -12.6000000000
0.0142500000 18.6000000000
0.0143000000 -1.0000000000
0.0143500000 -19.2000000000
0.0144000000 18.4000000000
0.0144500000 3.0000000000
0.0145000000 -18.0000000000
0.0145500000 2.0000000000
0.0146000000 18.4000000000
0.0146500000 2.6000000000
0.0147000000 -34.6000000000
0.0147500000 11.4000000000
0.0148000000 35.6000000000
0.0148500000 -23.2000000000
0.0149000000 -20.6000000000
0.0149500000 13.2000000000
0.0150000000 17.4000000000
0.0150500000 -4.4000000000
0.0151000000 -15.8000000000
0.0151500000 -2.8000000000
0.0152000000 14.0000000000
0.0152500000 4.4000000000
0.0153000000 -2.0000000000
0.0153500000 -14.6000000000
0.0154000000 -9.4000000000
0.0154500000 39.4000000000
0.0155000000 -13.2000000000
0.0155500000 -24.6000000000
0.0156000000 15.2000000000
0.0156500000 -0.8000000000
0.0157000000 17.6000000000
0.0157500000 -19.6000000000
0.0158000000 -9.6000000000
0.0158500000 25.6000000000
0.0159000000 -20.0000000000
0.0159500000 14.6000000000
0.0160000000 1.4000000000
0.0160500000 -27.4000000000
0.0161000000 24.2000000000
0.0161500000 2.6000000000
0.0162000000 -4.8000000000
0.0162500000 -8.6000000000
0.0163000000 -4.4000000000
0.0163500000 20.8000000000
0.0164000000 -1.8000000000
0.0164500000 -16.0000000000
0.0165000000 -8.2000000000
0.0165500000 30.4000000000
0.0166000000 -5.6000000000
0.0166500000 -23.2000000000
0.0167000000 9.8000000000
0.0167500000 5.8000000000
0.0168000000 19.6000000000
0.0168500000 -37.2000000000
0.0169000000 -4.6000000000
0.0169500000 40.0000000000
0.0170000000 -28.8000000000
0.0170500000 -18.0000000000
0.0171000000 12.4000000000
0.0171500000 15.0000000000
0.0172000000 1.0000000000
0.0172500000 -29.8000000000
0.0173000000 17.8000000000
0.0173500000 4.8000000000
0.0174000000 -5.0000000000
0.0174500000 10.4000000000
0.0175000000 -21.0000000000
0.0175500000 3.8000000000
0.0176000000 9.4000000000
0.0176500000 19.6000000000
0.0177000000 -24.2000000000
0.0177500000 -36.6000000000
0.0178000000 40.0000000000
0.0178500000 6.2000000000
0.0179000000 -40.0000000000
0.0179500000 -2.2000000000
0.0180000000 23.0000000000
0.0180500000 25.0000000000
0.0181000000 -31.8000000000
0.0181500000 -23.2000000000
0.0182000000 34.8000000000
0.0182500000 3.6000000000
0.0183000000 -9.8000000000
0.0183500000 -2.4000000000
0.0184000000 -17.4000000000
0.0184500000 24.0000000000
0.0185000000 13.8000000000
0.0185500000 -29.0000000000
0.0186000000 -2.2000000000
0.0186500000 12.2000000000
0.0187000000 11.0000000000
0.0187500000 -7.6000000000
0.0188000000 -20.4000000000
0.0188500000 20.4000000000
0.0189000000 5.2000000000
0.0189500000 -17.8000000000
0.0190000000 12.2000000000
0.0190500000 -1.6000000000
0.0191000000 -6.8000000000
0.0191500000 4.2000000000
0.0192000000 4.8000000000
0.0192500000 -3.0000000000
0.0193000000 -3.8000000000
0.0193500000 -1.8000000000
0.0194000000 6.2000000000
0.0194500000 9.4000000000
0.0195000000 -25.4000000000
0.0195500000 16.2000000000
0.0196000000 6.0000000000
0.0196500000 -18.0000000000
0.0197000000 19.6000000000
0.0197500000 -21.6000000000
0.0198000000 20.4000000000
0.0198500000 1.0000000000
0.0199000000 -37.0000000000
0.0199500000 40.0000000000
0.0200000000 -11.2000000000
0.0200500000 -21.4000000000
0.0201000000 11.4000000000
0.0201500000 -1.6000000000
0.0202000000 27.6000000000
0.0202500000 -38.6000000000
0.0203000000 -2.0000000000
0.0203500000 35.8000000000
0.0204000000 -20.2000000000
0.0204500000 0.8000000000
0.0205000000 -9.8000000000
0.0205500000 17.2000000000
0.0206000000 -7.4000000000
0.0206500000 -5.2000000000
0.0207000000 23.6000000000
0.0207500000 -40.0000000000
0.0208000000 21.8000000000
0.0208500000 15.6000000000
0.0209000000 -19.6000000000
0.0209500000 2.8000000000
0.0210000000 -16.6000000000
0.0210500000 35.8000000000
0.0211000000 -8.0000000000
0.0211500000 -34.4000000000
0.0212000000 32.2000000000
0.0212500000 -4.2000000000
0.0213000000 -5.0000000000
0.0213500000 1.6000000000
0.0214000000 -5.0000000000
0.0214500000 7.2000000000
0.0215000000 -3.2000000000
0.0215500000 3.4000000000
0.0216000000 -9.4000000000
0.0216500000 12.2000000000
0.0217000000 -3.2000000000
0.0217500000 -13.8000000000
0.0218000000 18.8000000000
0.0218500000 -7.8000000000
0.0219000000 7.8000000000
0.0219500000 -19.2000000000
0.0220000000 -2.2000000000
0.0220500000 40.0000000000
0.0221000000 -39.8000000000
0.0221500000 -16.2000000000
0.0222000000 34.2000000000
0.0222500000 -6.2000000000
0.0223000000 5.0000000000
0.0223500000 -22.2000000000
0.0224000000 -2.2000000000
0.0224500000 37.6000000000
0.0225000000 -25.4000000000
0.0225500000 -0.6000000000
0.0226000000 1.4000000000
0.0226500000 -12.6000000000
0.0227000000 38.2000000000
0.0227500000 -23.6000000000
0.0228000000 -20.8000000000
0.0228500000 29.4000000000
0.0229000000 -6.6000000000
0.0229500000 1.8000000000
0.0230000000 -8.4000000000
0.0230500000 -1.0000000000
0.0231000000 15.0000000000
0.0231500000 -20.2000000000
0.0232000000 17.4000000000
0.0232500000 1.4000000000
0.0233000000 -25.2000000000
0.0233500000 15.8000000000
0.0234000000 14.2000000000
0.0234500000 -7.2000000000
0.0235000000 -29.0000000000
0.0235500000 28.2000000000
0.0236000000 12.6000000000
0.0236500000 -31.6000000000
0.0237000000 13.6000000000
0.0237500000 -0.8000000000
0.0238000000 10.4000000000
0.0238500000 -16.0000000000
0.0239000000 -3.2000000000
0.0239500000 34.0000000000
0.0240000000 -40.0000000000
0.0240500000 11.6000000000
0.0241000000 23.8000000000
0.0241500000 -27.2000000000
0.0242000000 10.2000000000
0.0242500000 -6.2000000000
0.0243000000 14.2000000000
0.0243500000 -8.8000000000
0.0244000000 -13.2000000000
0.0244500000 28.4000000000
0.0245000000 -20.2000000000
0.0245500000 3.4000000000
0.0246000000 -3.6000000000
0.0246500000 10.8000000000
0.0247000000 7.4000000000
0.0247500000 -38.0000000000
0.0248000000 34.4000000000
0.0248500000 -6.2000000000
0.0249000000 -1.0000000000
0.0249500000 5.2000000000
0.0250000000 -40.0000000000
0.0250500000 40.0000000000
0.0251000000 -7.0000000000
0.0251500000 -40.0000000000
0.0252000000 28.4000000000
0.0252500000 -9.0000000000
0.0253000000 24.8000000000
0.0253500000 -16.4000000000
0.0254000000 -31.0000000000
0.0254500000 40.0000000000
0.0255000000 -12.2000000000
0.0255500000 -4.4000000000
0.0256000000 5.0000000000
0.0256500000 -20.2000000000
0.0257000000 20.0000000000
0.0257500000 10.2000000000
0.0258000000 -16.6000000000
0.0258500000 -11.6000000000
0.0259000000 16.6000000000
0.0259500000 6.6000000000
0.0260000000 -10.8000000000
0.0260500000 -1.2000000000
0.0261000000 -0.8000000000
0.0261500000 6.6000000000
0.0262000000 -6.0000000000
0.0262500000 6.8000000000
0.0263000000 8.0000000000
0.0263500000 -36.2000000000
0.0264000000 22.6000000000
0.0264500000 33.6000000000
0.0265000000 -40.0000000000
0.0265500000 -1.8000000000
0.0266000000 21.6000000000
0.0266500000 9.4000000000
0.0267000000 -12.2000000000
0.0267500000 -29.8000000000
0.0268000000 40.0000000000
0.0268500000 -5.6000000000
0.0269000000 -30.4000000000
0.0269500000 33.4000000000
0.0270000000 -15.0000000000
0.0270500000 -6.8000000000
0.0271000000 13.0000000000
0.0271500000 -1.0000000000
0.0272000000 1.0000000000
0.0272500000 -24.4000000000
0.0273000000 30.0000000000
0.0273500000 6.2000000000
0.0274000000 -38.4000000000
0.0274500000 22.8000000000
0.0275000000 7.2000000000
0.0275500000 -0.2000000000
0.0276000000 -23.2000000000
0.0276500000 7.4000000000
0.0277000000 35.4000000000
0.0277500000 -40.0000000000
0.0278000000 6.6000000000
0.0278500000 8.2000000000
0.0279000000 0.8000000000
0.0279500000 15.6000000000
0.0280000000 -40.0000000000
0.0280500000 22.2000000000
0.0281000000 20.6000000000
0.0281500000 -20.8000000000
0.0282000000 4.4000000000
0.0282500000 -21.8000000000
0.0283000000 29.2000000000
0.0283500000 13.2000000000
0.0284000000 -40.0000000000
0.0284500000 11.2000000000
0.0285000000 11.8000000000
0.0285500000 4.8000000000
0.0286000000 -9.2000000000
0.0286500000 -7.8000000000
0.0287000000 3.4000000000
0.0287500000 6.8000000000
0.0288000000 12.0000000000
0.0288500000 -26.0000000000
0.0289000000 7.8000000000
0.0289500000 5.6000000000
0.0290000000 -2.6000000000
0.0290500000 17.0000000000
0.0291000000 -34.2000000000
0.0291500000 16.4000000000
0.0292000000 13.8000000000
0.0292500000 -24.8000000000
0.0293000000 31.2000000000
0.0293500000 -28.6000000000
0.0294000000 -8.6000000000
0.0294500000 40.0000000000
0.0295000000 -27.0000000000
0.0295500000 -1.8000000000
0.0296000000 -5.8000000000
0.0296500000 8.8000000000
0.0297000000 26.4000000000
0.0297500000 -40.0000000000
0.0298000000 12.2000000000
0.0298500000 24.4000000000
0.0299000000 -23.0000000000
0.0299500000 5.4000000000
0.0300000000 1.4000000000
0.0300500000 2.8000000000
0.0301000000 -6.6000000000
0.0301500000 -2.0000000000
0.0302000000 18.0000000000
0.0302500000 -17.8000000000
0.0303000000 -1.2000000000
0.0303500000 11.2000000000
0.0304000000 -4.8000000000
0.0304500000 2.2000000000
0.0305000000 -9.2000000000
0.0305500000 13.8000000000
0.0306000000 -9.2000000000
0.0306500000 -5.4000000000
0.0307000000 22.2000000000
0.0307500000 -20.0000000000
0.0308000000 2.0000000000
0.0308500000 1.4000000000
0.0309000000 4.8000000000
0.0309500000 10.8000000000
0.0310000000 -27.4000000000
0.0310500000 7.8000000000
0.0311000000 13.8000000000
0.0311500000 2.2000000000
0.0312000000 -10.0000000000
0.0312500000 -23.6000000000
0.0313000000 33.4000000000
0.0313500000 10.6000000000
0.0314000000 -29.6000000000
0.0314500000 -7.4000000000
0.0315000000 19.0000000000
0.0315500000 23.4000000000
0.0316000000 -40.0000000000
0.0316500000 1.2000000000
0.0317000000 27.6000000000
0.0317500000 -15.4000000000
0.0318000000 5.4000000000
0.0318500000 -16.8000000000
0.0319000000 19.0000000000
0.0319500000 2.8000000000
0.0320000000 -26.2000000000
0.0320500000 31.2000000000
0.0321000000 -20.4000000000
0.0321500000 1.6000000000
0.0322000000 21.6000000000
0.0322500000 -36.0000000000
0.0323000000 21.6000000000
0.0323500000 10.4000000000
0.0324000000 -19.2000000000
0.0324500000 4.8000000000
0.0325000000 -9.6000000000
0.0325500000 26.0000000000
0.0326000000 -4.0000000000
0.0326500000 -35.6000000000
0.0327000000 26.6000000000
0.0327500000 13.0000000000
0.0328000000 -17.4000000000
0.0328500000 -1.0000000000
0.0329000000 0.8000000000
0.0329500000 -0.8000000000
0.0330000000 12.6000000000
0.0330500000 -2.2000000000
0.0331000000 -16.6000000000
0.0331500000 0.4000000000
0.0332000000 15.2000000000
0.0332500000 11.6000000000
0.0333000000 -21.8000000000
0.0333500000 -19.6000000000
0.0334000000 31.6000000000
0.0334500000 16.0000000000
0.0335000000 -32.6000000000
0.0335500000 -4.4000000000
0.0336000000 12.4000000000
0.0336500000 12.2000000000
0.0337000000 -0.6000000000
0.0337500000 -27.4000000000
0.0338000000 12.2000000000
0.0338500000 13.2000000000
0.0339000000 -3.8000000000
0.0339500000 -3.2000000000
0.0340000000 -13.4000000000
0.0340500000 13.6000000000
0.0341000000 2.8000000000
0.0341500000 -1.6000000000
0.0342000000 1.4000000000
0.0342500000 -22.4000000000
0.0343000000 21.4000000000
0.0343500000 12.8000000000
0.0344000000 -18.0000000000
0.0344500000 -10.8000000000
0.0345000000 0.0000000000
0.0345500000 40.0000000000
0.0346000000 -32.2000000000
0.0346500000 -34.2000000000
0.0347000000 40.0000000000
0.0347500000 -0.6000000000
0.0348000000 -18.4000000000
0.0348500000 -18.6000000000
0.0349000000 26.0000000000
0.0349500000 23.6000000000
0.0350000000 -40.0000000000
0.0350500000 11.6000000000
0.0351000000 20.8000000000
0.0351500000 -10.0000000000
0.0352000000 1.8000000000
0.0352500000 -13.4000000000
0.0353000000 6.6000000000
0.0353500000 10.4000000000
0.0354000000 2.0000000000
0.0354500000 -12.0000000000
0.0355000000 -18.2000000000
0.0355500000 30.0000000000
0.0356000000 15.6000000000
0.0356500000 -34.4000000000
0.0357000000 -18.4000000000
0.0357500000 40.0000000000
0.0358000000 10.6000000000
0.0358500000 -40.0000000000
0.0359000000 10.2000000000
0.0359500000 10.8000000000
0.0360000000 6.6000000000
0.0360500000 -4.2000000000
0.0361000000 -17.2000000000
0.0361500000 15.8000000000
0.0362000000 -11.0000000000
0.0362500000 15.2000000000
0.0363000000 9.6000000000
0.0363500000 -40.0000000000
0.0364000000 18.0000000000
0.0364500000 30.0000000000
0.0365000000 -19.4000000000
0.0365500000 -17.0000000000
0.0366000000 5.6000000000
0.0366500000 20.6000000000
0.0367000000 -4.4000000000
0.0367500000 -19.2000000000
0.0368000000 9.0000000000
0.0368500000 8.6000000000
0.0369000000 -8.6000000000
0.0369500000 3.0000000000
0.0370000000 2.6000000000
0.0370500000 -9.0000000000
0.0371000000 5.6000000000
0.0371500000 1.0000000000
0.0372000000 3.0000000000
0.0372500000 -3.8000000000
0.0373000000 -8.6000000000
0.0373500000 10.8000000000
0.0374000000 0.6000000000
0.0374500000 4.4000000000
0.0375000000 -18.6000000000
0.0375500000 4.0000000000
0.0376000000 27.0000000000
0.0376500000 -27.2000000000
0.0377000000 0.2000000000
0.0377500000 11.6000000000
0.0378000000 -0.2000000000
0.0378500000 -3.6000000000
0.0379000000 -14.6000000000
0.0379500000 28.0000000000
0.0380000000 -5.8000000000
0.0380500000 -31.2000000000
0.0381000000 28.2000000000
0.0381500000 11.4000000000
0.0382000000 -22.2000000000
0.0382500000 -8.0000000000
0.0383000000 17.0000000000
0.0383500000 8.0000000000
0.0384000000 -13.8000000000
0.0384500000 -4.8000000000
0.0385000000 3.4000000000
0.0385500000 11.6000000000
0.0386000000 -6.6000000000
0.0386500000 -0.8000000000
0.0387000000 -6.2000000000
0.0387500000 -3.4000000000
0.0388000000 30.2000000000
0.0388500000 -24.6000000000
0.0389000000 -12.0000000000
0.0389500000 21.4000000000
0.0390000000 -0.6000000000
0.0390500000 -2.2000000000
0.0391000000 -16.6000000000
0.0391500000 18.4000000000
0.0392000000 3.8000000000
0.0392500000 -22.8000000000
0.0393000000 20.0000000000
0.0393500000 -1.4000000000
0.0394000000 -11.4000000000
0.0394500000 6.2000000000
0.0395000000 1.4000000000
0.0395500000 3.6000000000
0.0396000000 -7.6000000000
0.0396500000 1.6000000000
0.0397000000 2.8000000000
0.0397500000 -4.0000000000
0.0398000000 6.2000000000
0.0398500000 2.2000000000
0.0399000000 -14.0000000000
0.0399500000 -1.4000000000
0.0400000000 27.0000000000
0.0400500000 -14.6000000000
0.0401000000 -14.2000000000
0.0401500000 8.4000000000
0.0402000000 5.4000000000
0.0402500000 14.2000000000
0.0403000000 -25.2000000000
0.0403500000 -2.0000000000
0.0404000000 13.6000000000
0.0404500000 6.0000000000
0.0405000000 3.6000000000
0.0405500000 -35.6000000000
0.0406000000 19.2000000000
0.0406500000 24.6000000000
0.0407000000 -20.0000000000
0.0407500000 -9.2000000000
0.0408000000 -2.8000000000
0.0408500000 29.6000000000
0.0409000000 -15.6000000000
0.0409500000 -20.6000000000
0.0410000000 35.0000000000
0.0410500000 -20.8000000000
0.0411000000 -7.2000000000
0.0411500000 21.4000000000
0.0412000000 -2.8000000000
0.0412500000 -13.8000000000
0.0413000000 -10.0000000000
0.0413500000 30.8000000000
0.0414000000 -0.4000000000
0.0414500000 -28.8000000000
0.0415000000 1.0000000000
0.0415500000 29.0000000000
0.0416000000 -4.0000000000
0.0416500000 -30.0000000000
0.0417000000 23.0000000000
0.0417500000 -3.8000000000
0.0418000000 -1.4000000000
0.0418500000 11.6000000000
0.0419000000 -25.2000000000
0.0419500000 17.6000000000
0.0420000000 0.2000000000
0.0420500000 -6.2000000000
0.0421000000 11.2000000000
0.0421500000 -24.0000000000
0.0422000000 21.4000000000
0.0422500000 4.2000000000
0.0423000000 -24.2000000000
0.0423500000 18.6000000000
0.0424000000 -2.8000000000
0.0424500000 -1.0000000000
0.0425000000 -2.4000000000
0.0425500000 -3.2000000000
0.0426000000 12.8000000000
0.0426500000 -7.6000000000
0.0427000000 -5.0000000000
0.0427500000 2.4000000000
0.0428000000 5.4000000000
0.0428500000 3.2000000000
0.0429000000 -9.8000000000
0.0429500000 -4.4000000000
0.0430000000 12.4000000000
0.0430500000 1.6000000000
0.0431000000 -5.8000000000
0.0431500000 -4.8000000000
0.0432000000 -2.0000000000
0.0432500000 15.6000000000
0.0433000000 -3.6000000000
0.0433500000 -8.0000000000
0.0434000000 -5.4000000000
0.0434500000 3.0000000000
0.0435000000 26.0000000000
0.0435500000 -20.6000000000
0.0436000000 -21.0000000000
0.0436500000 24.4000000000
0.0437000000 10.0000000000
0.0437500000 -10.0000000000
0.0438000000 -19.6000000000
0.0438500000 16.8000000000
0.0439000000 13.2000000000
0.0439500000 -25.6000000000
0.0440000000 15.6000000000
0.0440500000 4.2000000000
0.0441000000 -19.4000000000
0.0441500000 3.4000000000
0.0442000000 24.2000000000
0.0442500000 -3.2000000000
0.0443000000 -40.0000000000
0.0443500000 23.2000000000
0.0444000000 31.0000000000
0.0444500000 -16.8000000000
0.0445000000 -33.6000000000
0.0445500000 12.0000000000
0.0446000000 40.0000000000
0.0446500000 -39.8000000000
0.0447000000 -8.6000000000
0.0447500000 18.6000000000
0.0448000000 -11.8000000000
0.0448500000 28.4000000000
0.0449000000 -29.8000000000
0.0449500000 -3.4000000000
0.0450000000 24.0000000000
0.0450500000 -21.4000000000
0.0451000000 28.6000000000
0.0451500000 -30.6000000000
0.0452000000 -6.0000000000
0.0452500000 40.0000000000
0.0453000000 -37.6000000000
0.0453500000 3.2000000000
0.0454000000 8.2000000000
0.0454500000 -2.0000000000
0.0455000000 7.6000000000
0.0455500000 -18.6000000000
0.0456000000 12.0000000000
0.0456500000 3.4000000000
0.0457000000 -4.0000000000
0.0457500000 -4.2000000000
0.0458000000 -0.8000000000
0.0458500000 11.0000000000
0.0459000000 -6.4000000000
0.0459500000 1.6000000000
0.0460000000 -10.8000000000
0.0460500000 7.0000000000
0.0461000000 21.6000000000
0.0461500000 -29.8000000000
0.0462000000 0.8000000000
0.0462500000 15.4000000000
0.0463000000 -3.8000000000
0.0463500000 7.6000000000
0.0464000000 -21.8000000000
0.0464500000 4.6000000000
0.0465000000 19.4000000000
0.0465500000 -6.2000000000
0.0466000000 -7.4000000000
0.0466500000 -13.4000000000
0.0467000000 19.6000000000
0.0467500000 12.8000000000
0.0468000000 -23.6000000000
0.0468500000 -5.6000000000
0.0469000000 15.0000000000
0.0469500000 8.8000000000
0.0470000000 -17.2000000000
0.0470500000 -0.2000000000
0.0471000000 17.2000000000
0.0471500000 -23.6000000000
0.0472000000 10.6000000000
0.0472500000 19.8000000000
0.0473000000 -26.6000000000
0.0473500000 -0.6000000000
0.0474000000 3.8000000000
0.0474500000 26.6000000000
0.0475000000 -16.6000000000
0.0475500000 -40.0000000000
0.0476000000 40.0000000000
0.0476500000 -4.6000000000
0.0477000000 -28.8000000000
0.0477500000 16.8000000000
0.0478000000 -11.0000000000
0.0478500000 23.2000000000
0.0479000000 -15.8000000000
0.0479500000 -12.6000000000
0.0480000000 31.0000000000
0.0480500000 -28.8000000000
0.0481000000 13.8000000000
0.0481500000 5.2000000000
0.0482000000 -19.6000000000
0.0482500000 24.6000000000
0.0483000000 -17.0000000000
0.0483500000 -2.6000000000
0.0484000000 14.0000000000
0.0484500000 -0.0000000000
0.0485000000 -11.6000000000
0.0485500000 -7.6000000000
0.0486000000 23.2000000000
0.0486500000 -4.2000000000
0.0487000000 -9.0000000000
0.0487500000 -11.0000000000
0.0488000000 15.2000000000
0.0488500000 17.4000000000
0.0489000000 -34.6000000000
0.0489500000 17.6000000000
0.0490000000 -3.2000000000
0.0490500000 -10.8000000000
0.0491000000 40.0000000000
0.0491500000 -40.0000000000
0.0492000000 -5.6000000000
0.0492500000 29.8000000000
0.0493000000 -7.4000000000
0.0493500000 6.8000000000
0.0494000000 -37.6000000000
0.0494500000 24.2000000000
0.0495000000 31.2000000000
0.0495500000 -40.0000000000
0.0496000000 7.2000000000
0.0496500000 8.8000000000
0.0497000000 3.4000000000
0.0497500000 -1.4000000000
0.0498000000 -10.2000000000
0.0498500000 7.8000000000
0.0499000000 -6.8000000000
0.0499500000 17.0000000000
0.0500000000 -8.8000000000
0.0500500000 -23.0000000000
0.0501000000 33.8000000000
0.0501500000 -5.2000000000
0.0502000000 -15.2000000000
0.0502500000 -2.0000000000
0.0503000000 10.0000000000
0.0503500000 28.2000000000
0.0504000000 -40.0000000000
0.0504500000 6.8000000000
0.0505000000 40.0000000000
0.0505500000 -40.0000000000
0.0506000000 -6.6000000000
0.0506500000 10.4000000000
0.0507000000 8.0000000000
0.0507500000 6.6000000000
0.0508000000 -28.2000000000
0.0508500000 17.6000000000
0.0509000000 3.2000000000
0.0509500000 -15.2000000000
0.0510000000 23.0000000000
0.0510500000 -10.8000000000
0.0511000000 -17.4000000000
0.0511500000 11.0000000000
0.0512000000 22.2000000000
0.0512500000 -12.6000000000
0.0513000000 -25.6000000000
0.0513500000 16.8000000000
0.0514000000 10.6000000000
0.0514500000 12.6000000000
0.0515000000 -33.8000000000
0.0515500000 -10.6000000000
0.0516000000 40.0000000000
0.0516500000 -19.8000000000
0.0517000000 -1.4000000000
0.0517500000 -18.0000000000
0.0518000000 1.4000000000
0.0518500000 40.0000000000
0.0519000000 -40.0000000000
0.0519500000 -1.6000000000
0.0520000000 21.2000000000
0.0520500000 -17.6000000000
0.0521000000 35.6000000000
0.0521500000 -35.2000000000
0.0522000000 -8.0000000000
0.0522500000 30.4000000000
0.0523000000 -13.4000000000
0.0523500000 16.8000000000
0.0524000000 -34.8000000000
0.0524500000 4.6000000000
0.0525000000 40.0000000000
0.0525500000 -29.4000000000
0.0526000000 -15.2000000000
0.0526500000 11.0000000000
0.0527000000 22.0000000000
0.0527500000 -16.0000000000
0.0528000000 -16.4000000000
0.0528500000 20.6000000000
0.0529000000 -3.8000000000
0.0529500000 2.8000000000
0.0530000000 -8.8000000000
0.0530500000 -3.2000000000
0.0531000000 16.4000000000
0.0531500000 -10.8000000000
0.0532000000 7.2000000000
0.0532500000 -14.8000000000
0.0533000000 -3.2000000000
0.0533500000 40.0000000000
0.0534000000 -36.6000000000
0.0534500000 -24.4000000000
0.0535000000 40.0000000000
0.0535500000 8.4000000000
0.0536000000 -24.0000000000
0.0536500000 -22.6000000000
0.0537000000 31.2000000000
0.0537500000 21.4000000000
0.0538000000 -37.0000000000
0.0538500000 -6.8000000000
0.0539000000 26.6000000000
0.0539500000 0.4000000000
0.0540000000 -17.8000000000
0.0540500000 9.2000000000
0.0541000000 4.6000000000
0.0541500000 -19.8000000000
0.0542000000 23.0000000000
0.0542500000 1.4000000000
0.0543000000 -21.4000000000
0.0543500000 12.6000000000
0.0544000000 -11.6000000000
0.0544500000 28.2000000000
0.0545000000 -11.2000000000
0.0545500000 -36.6000000000
0.0546000000 40.0000000000
0.0546500000 -17.8000000000
0.0547000000 0.6000000000
0.0547500000 8.4000000000
0.0548000000 -35.2000000000
0.0548500000 40.0000000000
0.0549000000 -13.4000000000
0.0549500000 -19.6000000000
0.0550000000 25.0000000000
0.0550500000 -24.2000000000
0.0551000000 22.0000000000
0.0551500000 -4.8000000000
0.0552000000 -12.4000000000
0.0552500000 15.6000000000
0.0553000000 -18.6000000000
0.0553500000 19.8000000000
0.0554000000 -2.4000000000
0.0554500000 -13.2000000000
0.0555000000 3.4000000000
0.0555500000 6.8000000000
0.0556000000 7.6000000000
0.0556500000 -23.0000000000
0.0557000000 18.0000000000
0.0557500000 -4.4000000000
0.0558000000 -7.6000000000
0.0558500000 17.0000000000
0.0559000000 -17.4000000000
0.0559500000 13.8000000000
0.0560000000 -14.6000000000
0.0560500000 3.6000000000
0.0561000000 25.4000000000
0.0561500000 -37.6000000000
0.0562000000 17.2000000000
0.0562500000 3.8000000000
0.0563000000 -11.6000000000
0.0563500000 22.8000000000
0.0564000000 -24.8000000000
0.0564500000 4.0000000000
0.0565000000 6.2000000000
0.0565500000 6.2000000000
0.0566000000 3.0000000000
0.0566500000 -33.8000000000
0.0567000000 24.6000000000
0.0567500000 17.2000000000
0.0568000000 -18.0000000000
0.0568500000 -16.0000000000
0.0569000000 10.0000000000
0.0569500000 29.4000000000
0.0570000000 -30.8000000000
0.0570500000 -7.2000000000
0.0571000000 25.8000000000
0.0571500000 -12.4000000000
0.0572000000 2.6000000000
0.0572500000 -6.2000000000
0.0573000000 0.8000000000
0.0573500000 19.4000000000
0.0574000000 -27.0000000000
0.0574500000 5.2000000000
0.0575000000 19.2000000000
0.0575500000 -17.6000000000
0.0576000000 8.6000000000
0.0576500000 -12.0000000000
0.0577000000 2.4000000000
0.0577500000 29.0000000000
0.0578000000 -34.2000000000
0.0578500000 -3.6000000000
0.0579000000 29.0000000000
0.0579500000 -15.6000000000
0.0580000000 1.6000000000
0.0580500000 -2.6000000000
0.0581000000 -1.8000000000
0.0581500000 8.0000000000
0.0582000000 -6.2000000000
0.0582500000 8.8000000000
0.0583000000 -8.6000000000
0.0583500000 -12.0000000000
0.0584000000 18.4000000000
0.0584500000 17.0000000000
0.0585000000 -35.6000000000
0.0585500000 -6.4000000000
0.0586000000 40.0000000000
0.0586500000 -22.2000000000
0.0587000000 -8.0000000000
0.0587500000 4.2000000000
0.0588000000 -0.6000000000
0.0588500000 16.8000000000
0.0589000000 -26.4000000000
0.0589500000 20.0000000000
0.0590000000 -2.2000000000
0.0590500000 -29.6000000000
0.0591000000 40.0000000000
0.0591500000 -15.6000000000
0.0592000000 -18.4000000000
0.0592500000 9.0000000000
0.0593000000 2.6000000000
0.0593500000 22.8000000000
0.0594000000 -35.8000000000
0.0594500000 6.4000000000
0.0595000000 15.0000000000
0.0595500000 -10.6000000000
0.0596000000 18.6000000000
0.0596500000 -27.2000000000
0.0597000000 3.2000000000
0.0597500000 15.2000000000
0.0598000000 3.6000000000
0.0598500000 -6.6000000000
0.0599000000 -29.4000000000
0.0599500000 36.2000000000
0.0600000000 8.0000000000
0.0600500000 -29.8000000000
0.0601000000 4.2000000000
0.0601500000 7.6000000000
0.0602000000 14.0000000000
0.0602500000 -19.6000000000
0.0603000000 -5.6000000000
0.0603500000 21.8000000000
0.0604000000 -10.6000000000
0.0604500000 -3.2000000000
0.0605000000 0.0000000000
0.0605500000 6.6000000000
0.0606000000 -0.0000000000
0.0606500000 -9.2000000000
0.0607000000 2.4000000000
0.0607500000 5.8000000000
0.0608000000 7.0000000000
0.0608500000 -23.0000000000
0.0609000000 11.0000000000
0.0609500000 15.0000000000
0.0610000000 -21.4000000000
0.0610500000 9.4000000000
0.0611000000 -0.6000000000
0.0611500000 1.4000000000
0.0612000000 -3.0000000000
0.0612500000 -7.8000000000
0.0613000000 26.8000000000
0.0613500000 -19.2000000000
0.0614000000 -24.4000000000
0.0614500000 40.0000000000
0.0615000000 -0.8000000000
0.0615500000 -36.4000000000
0.0616000000 13.6000000000
0.0616500000 15.0000000000
0.0617000000 -0.4000000000
0.0617500000 -12.4000000000
0.0618000000 -8.4000000000
0.0618500000 23.0000000000
0.0619000000 -12.2000000000
0.0619500000 -4.6000000000
0.0620000000 26.2000000000
0.0620500000 -37.8000000000
0.0621000000 3.6000000000
0.0621500000 40.0000000000
0.0622000000 -20.6000000000
0.0622500000 -21.8000000000
0.0623000000 0.2000000000
0.0623500000 38.6000000000
0.0624000000 -7.4000000000
0.0624500000 -38.0000000000
0.0625000000 17.6000000000
0.0625500000 13.4000000000
0.0626000000 4.0000000000
0.0626500000 -15.0000000000
0.0627000000 -7.8000000000
0.0627500000 9.2000000000
0.0628000000 7.8000000000
0.0628500000 11.8000000000
0.0629000000 -31.8000000000
0.0629500000 -5.2000000000
0.0630000000 40.0000000000
0.0630500000 -7.6000000000
0.0631000000 -28.6000000000
0.0631500000 1.8000000000
0.0632000000 30.0000000000
0.0632500000 -6.2000000000
0.0633000000 -26.4000000000
0.0633500000 14.0000000000
0.0634000000 11.6000000000
0.0634500000 -5.0000000000
0.0635000000 -17.4000000000
0.0635500000 15.8000000000
0.0636000000 8.2000000000
0.0636500000 -21.4000000000
0.0637000000 14.0000000000
0.0637500000 -7.4000000000
0.0638000000 7.6000000000
0.0638500000 3.2000000000
0.0639000000 -20.4000000000
0.0639500000 18.8000000000
0.0640000000 -4.0000000000
0.0640500000 -1.2000000000
0.0641000000 2.4000000000
0.0641500000 -11.4000000000
0.0642000000 14.8000000000
0.0642500000 -6.0000000000
0.0643000000 -2.0000000000
0.0643500000 10.6000000000
0.0644000000 -18.8000000000
0.0644500000 4.8000000000
0.0645000000 20.2000000000
0.0645500000 -11.4000000000
0.0646000000 -17.6000000000
0.0646500000 9.6000000000
0.0647000000 18.0000000000
0.0647500000 -4.6000000000
0.0648000000 -24.2000000000
0.0648500000 6.8000000000
0.0649000000 29.2000000000
0.0649500000 -25.8000000000
0.0650000000 -0.8000000000
0.0650500000 14.2000000000
0.0651000000 -18.6000000000
0.0651500000 16.6000000000
0.0652000000 -2.0000000000
0.0652500000 -4.6000000000
0.0653000000 -3.8000000000
0.0653500000 -5.2000000000
0.0654000000 27.4000000000
0.0654500000 -16.2000000000
0.0655000000 -17.6000000000
0.0655500000 18.6000000000
0.0656000000 5.4000000000
0.0656500000 -5.8000000000
0.0657000000 -9.4000000000
0.0657500000 6.6000000000
0.0658000000 3.0000000000
0.0658500000 -1.2000000000
0.0659000000 2.2000000000
0.0659500000 -12.2000000000
0.0660000000 11.8000000000
0.0660500000 2.2000000000
0.0661000000 -11.6000000000
0.0661500000 7.0000000000
0.0662000000 2.0000000000
0.0662500000 0.6000000000
0.0663000000 -12.2000000000
0.0663500000 6.6000000000
0.0664000000 16.6000000000
0.0664500000 -13.2000000000
0.0665000000 -18.6000000000
0.0665500000 16.4000000000
0.0666000000 24.8000000000
0.0666500000 -28.8000000000
0.0667000000 -10.4000000000
0.0667500000 16.4000000000
0.0668000000 6.6000000000
0.0668500000 8.6000000000
0.0669000000 -31.4000000000
0.0669500000 -3.2000000000
0.0670000000 39.4000000000
0.0670500000 -11.0000000000
0.0671000000 -17.0000000000
0.0671500000 -7.8000000000
0.0672000000 13.0000000000
0.0672500000 31.6000000000
0.0673000000 -38.8000000000
0.0673500000 -13.8000000000
0.0674000000 38.6000000000
0.0674500000 -10.6000000000
0.0675000000 -7.8000000000
0.0675500000 3.4000000000
0.0676000000 -7.6000000000
0.0676500000 11.4000000000
0.0677000000 -1.8000000000
0.0677500000 -0.4000000000
0.0678000000 -1.8000000000
0.0678500000 -16.8000000000
0.0679000000 31.8000000000
0.0679500000 -3.2000000000
0.0680000000 -34.4000000000
0.0680500000 22.4000000000
0.0681000000 14.8000000000
0.0681500000 -11.6000000000
0.0682000000 -20.6000000000
0.0682500000 17.0000000000
0.0683000000 21.8000000000
0.0683500000 -29.4000000000
0.0684000000 -6.6000000000
0.0684500000 21.8000000000
0.0685000000 5.0000000000
0.0685500000 -18.0000000000
0.0686000000 -5.0000000000
0.0686500000 16.8000000000
0.0687000000 -3.0000000000
0.0687500000 -0.8000000000
0.0688000000 -5.0000000000
0.0688500000 -5.6000000000
0.0689000000 14.8000000000
0.0689500000 -4.6000000000
0.0690000000 2.6000000000
0.0690500000 -11.0000000000
0.0691000000 -4.6000000000
0.0691500000 25.6000000000
0.0692000000 -10.2000000000
0.0692500000 -7.6000000000
0.0693000000 -9.4000000000
0.0693500000 12.0000000000
0.0694000000 22.6000000000
0.0694500000 -24.4000000000
0.0695000000 -13.6000000000
0.0695500000 8.4000000000
0.0696000000 29.2000000000
0.0696500000 -9.8000000000
0.0697000000 -37.2000000000
0.0697500000 23.0000000000
0.0698000000 11.4000000000
0.0698500000 3.8000000000
0.0699000000 -11.0000000000
0.0699500000 -32.0000000000
0.0700000000 40.0000000000
0.0700500000 8.6000000000
0.0701000000 -25.2000000000
0.0701500000 -2.2000000000
0.0702000000 -12.8000000000
0.0702500000 40.0000000000
0.0703000000 -11.6000000000
0.0703500000 -40.0000000000
0.0704000000 40.0000000000
0.0704500000 14.0000000000
0.0705000000 -25.6000000000
0.0705500000 -1.0000000000
0.0706000000 2.2000000000
0.0706500000 16.6000000000
0.0707000000 -13.6000000000
0.0707500000 -10.4000000000
0.0708000000 26.4000000000
0.0708500000 -17.2000000000
0.0709000000 -9.6000000000
0.0709500000 26.0000000000
0.0710000000 -10.2000000000
0.0710500000 -19.6000000000
0.0711000000 23.2000000000
0.0711500000 6.8000000000
0.0712000000 -30.2000000000
0.0712500000 13.2000000000
0.0713000000 15.2000000000
0.0713500000 -7.0000000000
0.0714000000 -17.8000000000
0.0714500000 -1.0000000000
0.0715000000 40.0000000000
0.0715500000 -30.0000000000
0.0716000000 -26.4000000000
0.0716500000 40.0000000000
0.0717000000 -9.0000000000
0.0717500000 -4.8000000000
0.0718000000 -4.6000000000
0.0718500000 -5.0000000000
0.0719000000 23.0000000000
0.0719500000 -18.4000000000
0.0720000000 7.0000000000
0.0720500000 -2.6000000000
0.0721000000 -9.8000000000
0.0721500000 24.4000000000
0.0722000000 -19.2000000000
0.0722500000 6.2000000000
0.0723000000 -2.2000000000
0.0723500000 -4.4000000000
0.0724000000 14.4000000000
0.0724500000 -14.0000000000
0.0725000000 14.6000000000
0.0725500000 -20.8000000000
0.0726000000 3.0000000000
0.0726500000 33.0000000000
0.0727000000 -34.0000000000
0.0727500000 2.4000000000
0.0728000000 5.2000000000
0.0728500000 6.0000000000
0.0729000000 11.8000000000
0.0729500000 -37.4000000000
0.0730000000 23.2000000000
0.0730500000 8.2000000000
0.0731000000 -17.6000000000
0.0731500000 19.4000000000
0.0732000000 -23.8000000000
0.0732500000 8.2000000000
0.0733000000 17.6000000000
0.0733500000 -17.4000000000
0.0734000000 0.0000000000
0.0734500000 3.8000000000
0.0735000000 3.2000000000
0.0735500000 -4.4000000000
0.0736000000 0.0000000000
0.0736500000 4.8000000000
0.0737000000 -1.0000000000
0.0737500000 -12.8000000000
0.0738000000 8.4000000000
0.0738500000 26.0000000000
0.0739000000 -36.2000000000
0.0739500000 -9.8000000000
0.0740000000 40.0000000000
0.0740500000 -21.2000000000
0.0741000000 -12.0000000000
0.0741500000 8.6000000000
0.0742000000 -6.4000000000
0.0742500000 25.0000000000
0.0743000000 -25.4000000000
0.0743500000 -0.0000000000
0.0744000000 21.6000000000
0.0744500000 -35.2000000000
0.0745000000 35.2000000000
0.0745500000 1.6000000000
0.0746000000 -40.0000000000
0.0746500000 34.4000000000
0.0747000000 3.6000000000
0.0747500000 -6.4000000000
0.0748000000 -6.0000000000
0.0748500000 -15.2000000000
0.0749000000 37.0000000000
0.0749500000 -14.8000000000
0.0750000000 -16.0000000000
0.0750500000 13.8000000000
0.0751000000 -3.8000000000
0.0751500000 12.2000000000
0.0752000000 -18.0000000000
0.0752500000 5.8000000000
0.0753000000 5.4000000000
0.0753500000 -3.0000000000
0.0754000000 4.2000000000
0.0754500000 -22.6000000000
0.0755000000 35.2000000000
0.0755500000 -10.8000000000
0.0756000000 -30.4000000000
0.0756500000 35.6000000000
0.0757000000 -7.6000000000
0.0757500000 0.6000000000
0.0758000000 -15.8000000000
0.0758500000 1.8000000000
0.0759000000 37.0000000000
0.0759500000 -40.0000000000
0.0760000000 7.0000000000
0.0760500000 18.0000000000
0.0761000000 -16.8000000000
0.0761500000 9.6000000000
0.0762000000 -6.6000000000
0.0762500000 9.6000000000
0.0763000000 -16.6000000000
0.0763500000 9.4000000000
0.0764000000 14.2000000000
0.0764500000 -24.4000000000
0.0765000000 13.4000000000
0.0765500000 -8.8000000000
0.0766000000 13.4000000000
0.0766500000 -4.8000000000
0.0767000000 -12.8000000000
0.0767500000 26.2000000000
0.0768000000 -38.0000000000
0.0768500000 28.4000000000
0.0769000000 20.2000000000
0.0769500000 -40.0000000000
0.0770000000 28.6000000000
0.0770500000 6.2000000000
0.0771000000 6.0000000000
0.0771500000 -8.6000000000
0.0772000000 -38.4000000000
0.0772500000 40.0000000000
0.0773000000 -10.6000000000
0.0773500000 -33.4000000000
0.0774000000 29.4000000000
0.0774500000 -17.4000000000
0.0775000000 8.6000000000
0.0775500000 12.8000000000
0.0776000000 -18.4000000000
0.0776500000 -2.4000000000
0.0777000000 2.0000000000
0.0777500000 15.8000000000
0.0778000000 4.0000000000
0.0778500000 -33.4000000000
0.0779000000 5.4000000000
0.0779500000 35.8000000000
0.0780000000 -13.8000000000
0.0780500000 -26.8000000000
0.0781000000 13.8000000000
0.0781500000 15.2000000000
0.0782000000 -6.6000000000
0.0782500000 -6.2000000000
0.0783000000 -9.8000000000
0.0783500000 19.2000000000
0.0784000000 3.2000000000
0.0784500000 -27.2000000000
0.0785000000 24.0000000000
0.0785500000 -1.6000000000
0.0786000000 -16.4000000000
0.0786500000 16.4000000000
0.0787000000 -8.6000000000
0.0787500000 10.0000000000
0.0788000000 -9.8000000000
0.0788500000 -11.6000000000
0.0789000000 35.4000000000
0.0789500000 -25.4000000000
0.0790000000 -7.8000000000
0.0790500000 20.8000000000
0.0791000000 -5.0000000000
0.0791500000 -4.0000000000
0.0792000000 -13.8000000000
0.0792500000 30.8000000000
0.0793000000 -14.4000000000
0.0793500000 -17.2000000000
0.0794000000 23.2000000000
0.0794500000 -11.2000000000
0.0795000000 17.2000000000
0.0795500000 -26.8000000000
0.0796000000 5.0000000000
0.0796500000 27.0000000000
0.0797000000 -33.6000000000
0.0797500000 31.6000000000
0.0798000000 -28.0000000000
0.0798500000 -10.4000000000
0.0799000000 40.0000000000
0.0799500000 -40.0000000000
0.0800000000 -7.0000000000
0.0800500000 4.6000000000
0.0801000000 18.2000000000
0.0801500000 21.0000000000
0.0802000000 -40.0000000000
0.0802500000 27.0000000000
0.0803000000 33.6000000000
0.0803500000 -23.6000000000
0.0804000000 -6.8000000000
0.0804500000 -6.2000000000
0.0805000000 18.2000000000
0.0805500000 -2.4000000000
0.0806000000 2.8000000000
0.0806500000 -12.4000000000
0.0807000000 -9.2000000000
0.0807500000 25.8000000000
0.0808000000 -2.0000000000
0.0808500000 -5.6000000000
0.0809000000 -26.0000000000
0.0809500000 21.2000000000
0.0810000000 33.8000000000
0.0810500000 -40.0000000000
0.0811000000 8.4000000000
0.0811500000 15.6000000000
0.0812000000 -5.4000000000
0.0812500000 13.2000000000
0.0813000000 -35.4000000000
0.0813500000 24.4000000000
0.0814000000 13.2000000000
0.0814500000 -31.4000000000
0.0815000000 20.0000000000
0.0815500000 -5.4000000000
0.0816000000 3.4000000000
0.0816500000 0.2000000000
0.0817000000 -18.0000000000
0.0817500000 26.4000000000
0.0818000000 -1.2000000000
0.0818500000 -26.6000000000
0.0819000000 14.2000000000
0.0819500000 12.8000000000
0.0820000000 -7.2000000000
0.0820500000 -12.4000000000
0.0821000000 5.4000000000
0.0821500000 14.2000000000
0.0822000000 -15.6000000000
0.0822500000 3.8000000000
0.0823000000 5.2000000000
0.0823500000 -7.6000000000
0.0824000000 1.8000000000
0.0824500000 -0.0000000000
0.0825000000 15.4000000000
0.0825500000 -22.4000000000
0.0826000000 -6.0000000000
0.0826500000 34.4000000000
0.0827000000 -22.6000000000
0.0827500000 -1.6000000000
0.0828000000 6.4000000000
0.0828500000 -13.0000000000
0.0829000000 26.0000000000
0.0829500000 -15.2000000000
0.0830000000 -8.0000000000
0.0830500000 7.0000000000
0.0831000000 -2.6000000000
0.0831500000 22.2000000000
0.0832000000 -27.0000000000
0.0832500000 -7.4000000000
0.0833000000 26.0000000000
0.0833500000 1.6000000000
0.0834000000 -20.2000000000
0.0834500000 -4.0000000000
0.0835000000 28.0000000000
0.0835500000 -19.8000000000
0.0836000000 2.2000000000
0.0836500000 5.6000000000
0.0837000000 -11.4000000000
0.0837500000 19.6000000000
0.0838000000 -23.0000000000
0.0838500000 14.8000000000
0.0839000000 5.0000000000
0.0839500000 -26.2000000000
0.0840000000 35.2000000000
0.0840500000 -27.6000000000
0.0841000000 3.6000000000
0.0841500000 27.4000000000
0.0842000000 -38.2000000000
0.0842500000 19.0000000000
0.0843000000 -3.6000000000
0.0843500000 7.2000000000
0.0844000000 5.2000000000
0.0844500000 -34.4000000000
0.0845000000 29.6000000000
0.0845500000 2.4000000000
0.0846000000 -6.0000000000
0.0846500000 -2.6000000000
0.0847000000 -19.4000000000
0.0847500000 26.0000000000
0.0848000000 15.0000000000
0.0848500000 -24.0000000000
0.0849000000 -25.4000000000
0.0849500000 27.0000000000
0.0850000000 37.0000000000
0.0850500000 -39.4000000000
0.0851000000 -30.2000000000
0.0851500000 36.2000000000
0.0852000000 28.0000000000
0.0852500000 -32.2000000000
0.0853000000 -27.2000000000
0.0853500000 37.6000000000
0.0854000000 5.2000000000
0.0854500000 -21.4000000000
0.0855000000 7.2000000000
0.0855500000 -1.2000000000
0.0856000000 -1.6000000000
0.0856500000 4.4000000000
0.0857000000 8.2000000000
0.0857500000 -13.6000000000
0.0858000000 -10.2000000000
0.0858500000 23.0000000000
0.0859000000 4.0000000000
0.0859500000 -23.4000000000
0.0860000000 0.4000000000
0.0860500000 21.6000000000
0.0861000000 -6.0000000000
0.0861500000 -15.8000000000
0.0862000000 8.8000000000
0.0862500000 9.4000000000
0.0863000000 -13.0000000000
0.0863500000 6.4000000000
0.0864000000 0.0000000000
0.0864500000 -10.0000000000
0.0865000000 18.2000000000
0.0865500000 -10.4000000000
0.0866000000 -4.8000000000
0.0866500000 5.0000000000
0.0867000000 -1.6000000000
0.0867500000 18.8000000000
0.0868000000 -29.6000000000
0.0868500000 -3.6000000000
0.0869000000 40.0000000000
0.0869500000 -27.4000000000
0.0870000000 -6.4000000000
0.0870500000 5.6000000000
0.0871000000 -0.8000000000
0.0871500000 25.4000000000
0.0872000000 -30.6000000000
0.0872500000 -5.8000000000
0.0873000000 20.6000000000
0.0873500000 1.0000000000
0.0874000000 1.8000000000
0.0874500000 -22.8000000000
0.0875000000 4.4000000000
0.0875500000 21.8000000000
0.0876000000 -1.2000000000
0.0876500000 -18.6000000000
0.0877000000 -5.4000000000
0.0877500000 15.0000000000
0.0878000000 9.4000000000
0.0878500000 -1.2000000000
0.0879000000 -26.8000000000
0.0879500000 -1.0000000000
0.0880000000 39.8000000000
0.0880500000 -5.0000000000
0.0881000000 -36.6000000000
0.0881500000 -2.4000000000
0.0882000000 40.0000000000
0.0882500000 5.0000000000
0.0883000000 -40.0000000000
0.0883500000 14.2000000000
0.0884000000 33.0000000000
0.0884500000 -14.8000000000
0.0885000000 -18.8000000000
0.0885500000 7.4000000000
0.0886000000 23.2000000000
0.0886500000 -26.4000000000
0.0887000000 -0.8000000000
0.0887500000 26.2000000000
0.0888000000 -20.8000000000
0.0888500000 -5.2000000000
0.0889000000 14.0000000000
0.0889500000 0.8000000000
0.0890000000 -7.0000000000
0.0890500000 -4.0000000000
0.0891000000 10.4000000000
0.0891500000 -2.8000000000
0.0892000000 -10.2000000000
0.0892500000 18.2000000000
0.0893000000 -8.2000000000
0.0893500000 -15.4000000000
0.0894000000 20.6000000000
0.0894500000 0.8000000000
0.0895000000 -12.0000000000
0.0895500000 -1.8000000000
0.0896000000 7.6000000000
0.0896500000 6.4000000000
0.0897000000 -14.0000000000
0.0897500000 4.0000000000
0.0898000000 10.2000000000
0.0898500000 -19.2000000000
0.0899000000 14.6000000000
0.0899500000 6.6000000000
0.0900000000 -20.0000000000
0.0900500000 9.0000000000
0.0901000000 1.0000000000
0.0901500000 6.6000000000
0.0902000000 -6.4000000000
0.0902500000 -11.2000000000
0.0903000000 17.2000000000
0.0903500000 -3.0000000000
0.0904000000 -8.2000000000
0.0904500000 10.2000000000
0.0905000000 -7.8000000000
0.0905500000 -4.4000000000
0.0906000000 17.2000000000
0.0906500000 -9.4000000000
0.0907000000 -5.8000000000
0.0907500000 4.6000000000
0.0908000000 -2.2000000000
0.0908500000 11.8000000000
0.0909000000 -7.0000000000
0.0909500000 -13.8000000000
0.0910000000 12.2000000000
0.0910500000 7.4000000000
0.0911000000 -3.2000000000
0.0911500000 -10.6000000000
0.0912000000 -4.4000000000
0.0912500000 23.2000000000
0.0913000000 -5.6000000000
0.0913500000 -19.4000000000
0.0914000000 11.0000000000
0.0914500000 11.8000000000
0.0915000000 -13.2000000000
0.0915500000 -7.0000000000
0.0916000000 22.4000000000
0.0916500000 -9.0000000000
0.0917000000 -19.8000000000
0.0917500000 16.4000000000
0.0918000000 17.6000000000
0.0918500000 -18.4000000000
0.0919000000 -18.0000000000
0.0919500000 17.8000000000
0.0920000000 19.6000000000
0.0920500000 -14.8000000000
0.0921000000 -25.8000000000
0.0921500000 24.0000000000
0.0922000000 9.6000000000
0.0922500000 -12.6000000000
0.0923000000 4.0000000000
0.0923500000 -18.4000000000
0.0924000000 17.4000000000
0.0924500000 16.0000000000
0.0925000000 -28.4000000000
0.0925500000 7.8000000000
0.0926000000 0.2000000000
0.0926500000 3.8000000000
0.0927000000 11.6000000000
0.0927500000 -26.8000000000
0.0928000000 15.2000000000
0.0928500000 1.4000000000
0.0929000000 -7.2000000000
0.0929500000 16.4000000000
0.0930000000 -21.0000000000
0.0930500000 4.6000000000
0.0931000000 11.2000000000
0.0931500000 -3.6000000000
0.0932000000 -5.8000000000
0.0932500000 -2.0000000000
0.0933000000 10.6000000000
0.0933500000 -5.6000000000
0.0934000000 -3.8000000000
0.0934500000 6.4000000000
0.0935000000 0.8000000000
0.0935500000 -11.0000000000
0.0936000000 7.0000000000
0.0936500000 12.4000000000
0.0937000000 -19.2000000000
0.0937500000 1.4000000000
0.0938000000 13.6000000000
0.0938500000 -9.6000000000
0.0939000000 3.2000000000
0.0939500000 -5.0000000000
0.0940000000 4.2000000000
0.0940500000 2.8000000000
0.0941000000 -11.2000000000
0.0941500000 19.8000000000
0.0942000000 -18.0000000000
0.0942500000 -5.0000000000
0.0943000000 27.6000000000
0.0943500000 -19.2000000000
0.0944000000 -8.2000000000
0.0944500000 16.8000000000
0.0945000000 1.6000000000
0.0945500000 -15.2000000000
0.0946000000 -0.2000000000
0.0946500000 22.2000000000
0.0947000000 -7.4000000000
0.0947500000 -30.4000000000
0.0948000000 24.6000000000
0.0948500000 24.8000000000
0.0949000000 -30.6000000000
0.0949500000 -19.8000000000
0.0950000000 27.8000000000
0.0950500000 26.2000000000
0.0951000000 -39.2000000000
0.0951500000 -9.8000000000
0.0952000000 28.0000000000
0.0952500000 -2.8000000000
0.0953000000 4.2000000000
0.0953500000 -19.8000000000
0.0954000000 -3.2000000000
0.0954500000 29.0000000000
0.0955000000 -17.0000000000
0.0955500000 5.2000000000
0.0956000000 -6.8000000000
0.0956500000 -16.2000000000
0.0957000000 40.0000000000
0.0957500000 -17.8000000000
0.0958000000 -12.2000000000
0.0958500000 7.0000000000
0.0959000000 -6.4000000000
0.0959500000 26.2000000000
0.0960000000 -14.2000000000
0.0960500000 -19.2000000000
0.0961000000 10.0000000000
0.0961500000 21.6000000000
0.0962000000 -10.8000000000
0.0962500000 -18.6000000000
0.0963000000 15.0000000000
0.0963500000 -2.0000000000
0.0964000000 10.6000000000
0.0964500000 -13.0000000000
0.0965000000 -6.0000000000
0.0965500000 20.6000000000
0.0966000000 -23.2000000000
0.0966500000 22.6000000000
0.0967000000 -4.2000000000
0.0967500000 -31.4000000000
0.0968000000 40.0000000000
0.0968500000 -14.6000000000
0.0969000000 -7.4000000000
0.0969500000 1.4000000000
0.0970000000 -3.6000000000
0.0970500000 30.4000000000
0.0971000000 -40.0000000000
0.0971500000 14.4000000000
0.0972000000 21.6000000000
0.0972500000 -29.0000000000
0.0973000000 16.6000000000
0.0973500000 -7.6000000000
0.0974000000 2.8000000000
0.0974500000 1.0000000000
0.0975000000 -1.4000000000
0.0975500000 8.0000000000
0.0976000000 -24.0000000000
0.0976500000 18.2000000000
0.0977000000 20.0000000000
0.0977500000 -33.6000000000
0.0978000000 -9.2000000000
0.0978500000 32.4000000000
0.0979000000 17.0000000000
0.0979500000 -40.0000000000
0.0980000000 -7.4000000000
0.0980500000 40.0000000000
0.0981000000 -14.4000000000
0.0981500000 -33.4000000000
0.0982000000 1.4000000000
0.0982500000 28.4000000000
0.0983000000 9.6000000000
0.0983500000 -34.6000000000
0.0984000000 0.8000000000
0.0984500000 19.6000000000
0.0985000000 -3.2000000000
0.0985500000 1.2000000000
0.0986000000 -5.2000000000
0.0986500000 -16.8000000000
0.0987000000 23.2000000000
0.0987500000 9.4000000000
0.0988000000 -22.0000000000
0.0988500000 -1.6000000000
0.0989000000 7.4000000000
0.0989500000 6.4000000000
0.0990000000 -0.2000000000
0.0990500000 -7.8000000000
0.0991000000 -9.4000000000
0.0991500000 20.2000000000
0.0992000000 -4.8000000000
0.0992500000 -8.6000000000
0.0993000000 13.4000000000
0.0993500000 -24.4000000000
0.0994000000 25.6000000000
0.0994500000 1.2000000000
0.0995000000 -33.2000000000
0.0995500000 40.0000000000
0.0996000000 -22.4000000000
0.0996500000 -11.2000000000
0.0997000000 32.8000000000
0.0997500000 -27.8000000000
0.0998000000 16.2000000000
0.0998500000 -11.2000000000
0.0999000000 -4.4000000000
0.0999500000 29.8000000000
0.1000000000 -31.8000000000
0.1000500000 6.0000000000
0.1001000000 12.6000000000
0.1001500000 -9.2000000000
0.1002000000 -0.8000000000
0.1002500000 5.0000000000
0.1003000000 -2.0000000000
0.1003500000 -4.4000000000
0.1004000000 6.4000000000
0.1004500000 -3.4000000000
0.1005000000 3.0000000000
0.1005500000 -4.2000000000
0.1006000000 3.0000000000
0.1006500000 -0.6000000000
0.1007000000 -2.4000000000
0.1007500000 4.8000000000
0.1008000000 -1.4000000000
0.1008500000 -3.0000000000
0.1009000000 -1.4000000000
0.1009500000 7.8000000000
0.1010000000 -5.4000000000
0.1010500000 0.4000000000
0.1011000000 0.4000000000
0.1011500000 -1.2000000000
0.1012000000 -0.2000000000
0.1012500000 3.6000000000
0.1013000000 1.8000000000
0.1013500000 -10.4000000000
0.1014000000 5.6000000000
0.1014500000 3.8000000000
0.1015000000 -1.6000000000
0.1015500000 -3.0000000000
0.1016000000 3.0000000000
0.1016500000 -5.6000000000
0.1017000000 2.6000000000
0.1017500000 9.8000000000
0.1018000000 -9.4000000000
0.1018500000 -2.6000000000
0.1019000000 -0.2000000000
0.1019500000 7.8000000000
0.1020000000 1.2000000000
0.1020500000 -4.2000000000
0.1021000000 -6.4000000000
0.1021500000 2.4000000000
0.1022000000 3.4000000000
0.1022500000 8.8000000000
0.1023000000 5.8000000000
0.1023500000 -40.0000000000
