2048
0.000000 26.800000
0.000050 40.000000
0.000100 -40.000000
0.000150 -6.400000
0.000200 -2.600000
0.000250 30.200000
0.000300 15.000000
0.000350 -40.000000
0.000400 28.800000
0.000450 12.000000
0.000500 -10.600000
0.000550 19.400000
0.000600 -32.200000
0.000650 4.200000
0.000700 15.400000
0.000750 12.400000
0.000800 -20.400000
0.000850 -15.800000
0.000900 25.800000
0.000950 -3.200000
0.001000 6.600000
0.001050 -24.200000
0.001100 8.800000
0.001150 21.200000
0.001200 -29.200000
0.001250 19.400000
0.001300 -3.800000
0.001350 -14.400000
0.001400 24.000000
0.001450 -17.800000
0.001500 1.000000
0.001550 15.600000
0.001600 -16.800000
0.001650 4.600000
0.001700 -3.000000
0.001750 8.200000
0.001800 4.600000
0.001850 -18.000000
0.001900 3.400000
0.001950 8.400000
0.002000 8.400000
0.002050 -14.200000
0.002100 -6.200000
0.002150 9.600000
0.002200 1.800000
0.002250 10.000000
0.002300 -18.200000
0.002350 -12.000000
0.002400 34.400000
0.002450 -12.800000
0.002500 -9.600000
0.002550 11.600000
0.002600 -23.000000
0.002650 31.800000
0.002700 -8.800000
0.002750 -14.200000
0.002800 13.800000
0.002850 -27.000000
0.002900 40.000000
0.002950 -14.800000
0.003000 -40.000000
0.003050 40.000000
0.003100 4.200000
0.003150 -12.600000
0.003200 -17.600000
0.003250 5.800000
0.003300 38.800000
0.003350 -37.800000
0.003400 -9.200000
0.003450 30.600000
0.003500 -7.400000
0.003550 -13.400000
0.003600 2.000000
0.003650 19.400000
0.003700 -20.800000
0.003750 6.000000
0.003800 2.200000
0.003850 -4.800000
0.003900 20.000000
0.003950 -35.800000
0.004000 23.400000
0.004050 3.400000
0.004100 -15.600000
0.004150 25.600000
0.004200 -40.000000
0.004250 27.000000
0.004300 22.200000
0.004350 -40.000000
0.004400 18.800000
0.004450 -5.800000
0.004500 9.200000
0.004550 9.000000
0.004600 -27.600000
0.004650 14.600000
0.004700 -4.000000
0.004750 14.600000
0.004800 -2.800000
0.004850 -26.600000
0.004900 18.800000
0.004950 7.200000
0.005000 6.600000
0.005050 -28.800000
0.005100 3.400000
0.005150 33.600000
0.005200 -28.600000
0.005250 3.200000
0.005300 8.000000
0.005350 -11.600000
0.005400 14.200000
0.005450 -7.800000
0.005500 -2.200000
0.005550 7.400000
0.005600 -12.200000
0.005650 14.400000
0.005700 -6.400000
0.005750 -8.400000
0.005800 19.600000
0.005850 -16.200000
0.005900 -5.200000
0.005950 20.600000
0.006000 -5.000000
0.006050 -17.600000
0.006100 9.000000
0.006150 12.800000
0.006200 -7.800000
0.006250 -11.000000
0.006300 7.400000
0.006350 11.600000
0.006400 -15.000000
0.006450 -4.200000
0.006500 24.400000
0.006550 -16.400000
0.006600 -18.000000
0.006650 32.400000
0.006700 -6.800000
0.006750 -8.800000
0.006800 -9.400000
0.006850 5.000000
0.006900 39.200000
0.006950 -40.000000
0.007000 -5.600000
0.007050 30.800000
0.007100 -9.400000
0.007150 12.000000
0.007200 -34.800000
0.007250 8.400000
0.007300 40.000000
0.007350 -34.400000
0.007400 -0.800000
0.007450 4.200000
0.007500 0.200000
0.007550 16.400000
0.007600 -18.200000
0.007650 1.200000
0.007700 -4.000000
0.007750 9.600000
0.007800 14.200000
0.007850 -23.600000
0.007900 -7.200000
0.007950 13.400000
0.008000 24.800000
0.008050 -30.200000
0.008100 -16.000000
0.008150 37.200000
0.008200 -10.600000
0.008250 -9.600000
0.008300 5.000000
0.008350 -0.200000
0.008400 1.400000
0.008450 -5.000000
0.008500 11.000000
0.008550 -4.000000
0.008600 -16.000000
0.008650 17.000000
0.008700 7.000000
0.008750 -16.200000
0.008800 -3.000000
0.008850 18.400000
0.008900 -9.800000
0.008950 -11.400000
0.009000 26.200000
0.009050 -18.600000
0.009100 -7.800000
0.009150 19.800000
0.009200 -4.800000
0.009250 -3.600000
0.009300 -12.400000
0.009350 18.800000
0.009400 10.000000
0.009450 -39.000000
0.009500 22.200000
0.009550 25.400000
0.009600 -40.000000
0.009650 5.400000
0.009700 20.200000
0.009750 1.800000
0.009800 -16.000000
0.009850 -19.600000
0.009900 40.000000
0.009950 -0.600000
0.010000 -33.000000
0.010050 9.400000
0.010100 9.400000
0.010150 12.000000
0.010200 -12.400000
0.010250 -20.200000
0.010300 20.200000
0.010350 10.000000
0.010400 -8.600000
0.010450 -10.000000
0.010500 -3.200000
0.010550 17.800000
0.010600 -0.200000
0.010650 -9.800000
0.010700 -4.400000
0.010750 2.000000
0.010800 9.400000
0.010850 7.000000
0.010900 -16.200000
0.010950 -16.800000
0.011000 33.200000
0.011050 3.400000
0.011100 -24.600000
0.011150 -2.400000
0.011200 12.800000
0.011250 14.800000
0.011300 -22.400000
0.011350 -2.200000
0.011400 15.800000
0.011450 -10.800000
0.011500 4.200000
0.011550 5.600000
0.011600 -10.200000
0.011650 -3.800000
0.011700 10.800000
0.011750 9.200000
0.011800 -21.600000
0.011850 2.400000
0.011900 17.400000
0.011950 -14.200000
0.012000 4.400000
0.012050 1.000000
0.012100 -4.600000
0.012150 2.400000
0.012200 -0.000000
0.012250 7.600000
0.012300 -10.600000
0.012350 -8.000000
0.012400 24.000000
0.012450 -7.800000
0.012500 -24.400000
0.012550 32.800000
0.012600 -5.800000
0.012650 -24.600000
0.012700 21.000000
0.012750 3.600000
0.012800 -1.200000
0.012850 -20.800000
0.012900 4.600000
0.012950 37.600000
0.013000 -30.000000
0.013050 -19.200000
0.013100 27.600000
0.013150 2.400000
0.013200 -2.800000
0.013250 -14.200000
0.013300 -2.600000
0.013350 21.600000
0.013400 -0.200000
0.013450 -16.800000
0.013500 -6.400000
0.013550 20.600000
0.013600 2.800000
0.013650 -15.600000
0.013700 -3.800000
0.013750 14.200000
0.013800 2.200000
0.013850 -17.200000
0.013900 13.000000
0.013950 1.200000
0.014000 -10.800000
0.014050 5.400000
0.014100 7.600000
0.014150 -5.600000
0.014200 -12.600000
0.014250 18.600000
0.014300 -1.000000
0.014350 -19.200000
0.014400 18.400000
0.014450 3.000000
0.014500 -18.000000
0.014550 2.000000
0.014600 18.400000
0.014650 2.600000
0.014700 -34.600000
0.014750 11.400000
0.014800 35.600000
0.014850 -23.200000
0.014900 -20.600000
0.014950 13.200000
0.015000 17.400000
0.015050 -4.400000
0.015100 -15.800000
0.015150 -2.800000
0.015200 14.000000
0.015250 4.400000
0.015300 -2.000000
0.015350 -14.600000
0.015400 -9.400000
0.015450 39.400000
0.015500 -13.200000
0.015550 -24.600000
0.015600 15.200000
0.015650 -0.800000
0.015700 17.600000
0.015750 -19.600000
0.015800 -9.600000
0.015850 25.600000
0.015900 -20.000000
0.015950 14.600000
0.016000 1.400000
0.016050 -27.400000
0.016100 24.200000
0.016150 2.600000
0.016200 -4.800000
0.016250 -8.600000
0.016300 -4.400000
0.016350 20.800000
0.016400 -1.800000
0.016450 -16.000000
0.016500 -8.200000
0.016550 30.400000
0.016600 -5.600000
0.016650 -23.200000
0.016700 9.800000
0.016750 5.800000
0.016800 19.600000
0.016850 -37.200000
0.016900 -4.600000
0.016950 40.000000
0.017000 -28.800000
0.017050 -18.000000
0.017100 12.400000
0.017150 15.000000
0.017200 1.000000
0.017250 -29.800000
0.017300 17.800000
0.017350 4.800000
0.017400 -5.000000
0.017450 10.400000
0.017500 -21.000000
0.017550 3.800000
0.017600 9.400000
0.017650 19.600000
0.017700 -24.200000
0.017750 -36.600000
0.017800 40.000000
0.017850 6.200000
0.017900 -40.000000
0.017950 -2.200000
0.018000 23.000000
0.018050 25.000000
0.018100 -31.800000
0.018150 -23.200000
0.018200 34.800000
0.018250 3.600000
0.018300 -9.800000
0.018350 -2.400000
0.018400 -17.400000
0.018450 24.000000
0.018500 13.800000
0.018550 -29.000000
0.018600 -2.200000
0.018650 12.200000
0.018700 11.000000
0.018750 -7.600000
0.018800 -20.400000
0.018850 20.400000
0.018900 5.200000
0.018950 -17.800000
0.019000 12.200000
0.019050 -1.600000
0.019100 -6.800000
0.019150 4.200000
0.019200 4.800000
0.019250 -3.000000
0.019300 -3.800000
0.019350 -1.800000
0.019400 6.200000
0.019450 9.400000
0.019500 -25.400000
0.019550 16.200000
0.019600 6.000000
0.019650 -18.000000
0.019700 19.600000
0.019750 -21.600000
0.019800 20.400000
0.019850 1.000000
0.019900 -37.000000
0.019950 40.000000
0.020000 -11.200000
0.020050 -21.400000
0.020100 11.400000
0.020150 -1.600000
0.020200 27.600000
0.020250 -38.600000
0.020300 -2.000000
0.020350 35.800000
0.020400 -20.200000
0.020450 0.800000
0.020500 -9.800000
0.020550 17.200000
0.020600 -7.400000
0.020650 -5.200000
0.020700 23.600000
0.020750 -40.000000
0.020800 21.800000
0.020850 15.600000
0.020900 -19.600000
0.020950 2.800000
0.021000 -16.600000
0.021050 35.800000
0.021100 -8.000000
0.021150 -34.400000
0.021200 32.200000
0.021250 -4.200000
0.021300 -5.000000
0.021350 1.600000
0.021400 -5.000000
0.021450 7.200000
0.021500 -3.200000
0.021550 3.400000
0.021600 -9.400000
0.021650 12.200000
0.021700 -3.200000
0.021750 -13.800000
0.021800 18.800000
0.021850 -7.800000
0.021900 7.800000
0.021950 -19.200000
0.022000 -2.200000
0.022050 40.000000
0.022100 -39.800000
0.022150 -16.200000
0.022200 34.200000
0.022250 -6.200000
0.022300 5.000000
0.022350 -22.200000
0.022400 -2.200000
0.022450 37.600000
0.022500 -25.400000
0.022550 -0.600000
0.022600 1.400000
0.022650 -12.600000
0.022700 38.200000
0.022750 -23.600000
0.022800 -20.800000
0.022850 29.400000
0.022900 -6.600000
0.022950 1.800000
0.023000 -8.400000
0.023050 -1.000000
0.023100 15.000000
0.023150 -20.200000
0.023200 17.400000
0.023250 1.400000
0.023300 -25.200000
0.023350 15.800000
0.023400 14.200000
0.023450 -7.200000
0.023500 -29.000000
0.023550 28.200000
0.023600 12.600000
0.023650 -31.600000
0.023700 13.600000
0.023750 -0.800000
0.023800 10.400000
0.023850 -16.000000
0.023900 -3.200000
0.023950 34.000000
0.024000 -40.000000
0.024050 11.600000
0.024100 23.800000
0.024150 -27.200000
0.024200 10.200000
0.024250 -6.200000
0.024300 14.200000
0.024350 -8.800000
0.024400 -13.200000
0.024450 28.400000
0.024500 -20.200000
0.024550 3.400000
0.024600 -3.600000
0.024650 10.800000
0.024700 7.400000
0.024750 -38.000000
0.024800 34.400000
0.024850 -6.200000
0.024900 -1.000000
0.024950 5.200000
0.025000 -40.000000
0.025050 40.000000
0.025100 -7.000000
0.025150 -40.000000
0.025200 28.400000
0.025250 -9.000000
0.025300 24.800000
0.025350 -16.400000
0.025400 -31.000000
0.025450 40.000000
0.025500 -12.200000
0.025550 -4.400000
0.025600 5.000000
0.025650 -20.200000
0.025700 20.000000
0.025750 10.200000
0.025800 -16.600000
0.025850 -11.600000
0.025900 16.600000
0.025950 6.600000
0.026000 -10.800000
0.026050 -1.200000
0.026100 -0.800000
0.026150 6.600000
0.026200 -6.000000
0.026250 6.800000
0.026300 8.000000
0.026350 -36.200000
0.026400 22.600000
0.026450 33.600000
0.026500 -40.000000
0.026550 -1.800000
0.026600 21.600000
0.026650 9.400000
0.026700 -12.200000
0.026750 -29.800000
0.026800 40.000000
0.026850 -5.600000
0.026900 -30.400000
0.026950 33.400000
0.027000 -15.000000
0.027050 -6.800000
0.027100 13.000000
0.027150 -1.000000
0.027200 1.000000
0.027250 -24.400000
0.027300 30.000000
0.027350 6.200000
0.027400 -38.400000
0.027450 22.800000
0.027500 7.200000
0.027550 -0.200000
0.027600 -23.200000
0.027650 7.400000
0.027700 35.400000
0.027750 -40.000000
0.027800 6.600000
0.027850 8.200000
0.027900 0.800000
0.027950 15.600000
0.028000 -40.000000
0.028050 22.200000
0.028100 20.600000
0.028150 -20.800000
0.028200 4.400000
0.028250 -21.800000
0.028300 29.200000
0.028350 13.200000
0.028400 -40.000000
0.028450 11.200000
0.028500 11.800000
0.028550 4.800000
0.028600 -9.200000
0.028650 -7.800000
0.028700 3.400000
0.028750 6.800000
0.028800 12.000000
0.028850 -26.000000
0.028900 7.800000
0.028950 5.600000
0.029000 -2.600000
0.029050 17.000000
0.029100 -34.200000
0.029150 16.400000
0.029200 13.800000
0.029250 -24.800000
0.029300 31.200000
0.029350 -28.600000
0.029400 -8.600000
0.029450 40.000000
0.029500 -27.000000
0.029550 -1.800000
0.029600 -5.800000
0.029650 8.800000
0.029700 26.400000
0.029750 -40.000000
0.029800 12.200000
0.029850 24.400000
0.029900 -23.000000
0.029950 5.400000
0.030000 1.400000
0.030050 2.800000
0.030100 -6.600000
0.030150 -2.000000
0.030200 18.000000
0.030250 -17.800000
0.030300 -1.200000
0.030350 11.200000
0.030400 -4.800000
0.030450 2.200000
0.030500 -9.200000
0.030550 13.800000
0.030600 -9.200000
0.030650 -5.400000
0.030700 22.200000
0.030750 -20.000000
0.030800 2.000000
0.030850 1.400000
0.030900 4.800000
0.030950 10.800000
0.031000 -27.400000
0.031050 7.800000
0.031100 13.800000
0.031150 2.200000
0.031200 -10.000000
0.031250 -23.600000
0.031300 33.400000
0.031350 10.600000
0.031400 -29.600000
0.031450 -7.400000
0.031500 19.000000
0.031550 23.400000
0.031600 -40.000000
0.031650 1.200000
0.031700 27.600000
0.031750 -15.400000
0.031800 5.400000
0.031850 -16.800000
0.031900 19.000000
0.031950 2.800000
0.032000 -26.200000
0.032050 31.200000
0.032100 -20.400000
0.032150 1.600000
0.032200 21.600000
0.032250 -36.000000
0.032300 21.600000
0.032350 10.400000
0.032400 -19.200000
0.032450 4.800000
0.032500 -9.600000
0.032550 26.000000
0.032600 -4.000000
0.032650 -35.600000
0.032700 26.600000
0.032750 13.000000
0.032800 -17.400000
0.032850 -1.000000
0.032900 0.800000
0.032950 -0.800000
0.033000 12.600000
0.033050 -2.200000
0.033100 -16.600000
0.033150 0.400000
0.033200 15.200000
0.033250 11.600000
0.033300 -21.800000
0.033350 -19.600000
0.033400 31.600000
0.033450 16.000000
0.033500 -32.600000
0.033550 -4.400000
0.033600 12.400000
0.033650 12.200000
0.033700 -0.600000
0.033750 -27.400000
0.033800 12.200000
0.033850 13.200000
0.033900 -3.800000
0.033950 -3.200000
0.034000 -13.400000
0.034050 13.600000
0.034100 2.800000
0.034150 -1.600000
0.034200 1.400000
0.034250 -22.400000
0.034300 21.400000
0.034350 12.800000
0.034400 -18.000000
0.034450 -10.800000
0.034500 0.000000
0.034550 40.000000
0.034600 -32.200000
0.034650 -34.200000
0.034700 40.000000
0.034750 -0.600000
0.034800 -18.400000
0.034850 -18.600000
0.034900 26.000000
0.034950 23.600000
0.035000 -40.000000
0.035050 11.600000
0.035100 20.800000
0.035150 -10.000000
0.035200 1.800000
0.035250 -13.400000
0.035300 6.600000
0.035350 10.400000
0.035400 2.000000
0.035450 -12.000000
0.035500 -18.200000
0.035550 30.000000
0.035600 15.600000
0.035650 -34.400000
0.035700 -18.400000
0.035750 40.000000
0.035800 10.600000
0.035850 -40.000000
0.035900 10.200000
0.035950 10.800000
0.036000 6.600000
0.036050 -4.200000
0.036100 -17.200000
0.036150 15.800000
0.036200 -11.000000
0.036250 15.200000
0.036300 9.600000
0.036350 -40.000000
0.036400 18.000000
0.036450 30.000000
0.036500 -19.400000
0.036550 -17.000000
0.036600 5.600000
0.036650 20.600000
0.036700 -4.400000
0.036750 -19.200000
0.036800 9.000000
0.036850 8.600000
0.036900 -8.600000
0.036950 3.000000
0.037000 2.600000
0.037050 -9.000000
0.037100 5.600000
0.037150 1.000000
0.037200 3.000000
0.037250 -3.800000
0.037300 -8.600000
0.037350 10.800000
0.037400 0.600000
0.037450 4.400000
0.037500 -18.600000
0.037550 4.000000
0.037600 27.000000
0.037650 -27.200000
0.037700 0.200000
0.037750 11.600000
0.037800 -0.200000
0.037850 -3.600000
0.037900 -14.600000
0.037950 28.000000
0.038000 -5.800000
0.038050 -31.200000
0.038100 28.200000
0.038150 11.400000
0.038200 -22.200000
0.038250 -8.000000
0.038300 17.000000
0.038350 8.000000
0.038400 -13.800000
0.038450 -4.800000
0.038500 3.400000
0.038550 11.600000
0.038600 -6.600000
0.038650 -0.800000
0.038700 -6.200000
0.038750 -3.400000
0.038800 30.200000
0.038850 -24.600000
0.038900 -12.000000
0.038950 21.400000
0.039000 -0.600000
0.039050 -2.200000
0.039100 -16.600000
0.039150 18.400000
0.039200 3.800000
0.039250 -22.800000
0.039300 20.000000
0.039350 -1.400000
0.039400 -11.400000
0.039450 6.200000
0.039500 1.400000
0.039550 3.600000
0.039600 -7.600000
0.039650 1.600000
0.039700 2.800000
0.039750 -4.000000
0.039800 6.200000
0.039850 2.200000
0.039900 -14.000000
0.039950 -1.400000
0.040000 27.000000
0.040050 -14.600000
0.040100 -14.200000
0.040150 8.400000
0.040200 5.400000
0.040250 14.200000
0.040300 -25.200000
0.040350 -2.000000
0.040400 13.600000
0.040450 6.000000
0.040500 3.600000
0.040550 -35.600000
0.040600 19.200000
0.040650 24.600000
0.040700 -20.000000
0.040750 -9.200000
0.040800 -2.800000
0.040850 29.600000
0.040900 -15.600000
0.040950 -20.600000
0.041000 35.000000
0.041050 -20.800000
0.041100 -7.200000
0.041150 21.400000
0.041200 -2.800000
0.041250 -13.800000
0.041300 -10.000000
0.041350 30.800000
0.041400 -0.400000
0.041450 -28.800000
0.041500 1.000000
0.041550 29.000000
0.041600 -4.000000
0.041650 -30.000000
0.041700 23.000000
0.041750 -3.800000
0.041800 -1.400000
0.041850 11.600000
0.041900 -25.200000
0.041950 17.600000
0.042000 0.200000
0.042050 -6.200000
0.042100 11.200000
0.042150 -24.000000
0.042200 21.400000
0.042250 4.200000
0.042300 -24.200000
0.042350 18.600000
0.042400 -2.800000
0.042450 -1.000000
0.042500 -2.400000
0.042550 -3.200000
0.042600 12.800000
0.042650 -7.600000
0.042700 -5.000000
0.042750 2.400000
0.042800 5.400000
0.042850 3.200000
0.042900 -9.800000
0.042950 -4.400000
0.043000 12.400000
0.043050 1.600000
0.043100 -5.800000
0.043150 -4.800000
0.043200 -2.000000
0.043250 15.600000
0.043300 -3.600000
0.043350 -8.000000
0.043400 -5.400000
0.043450 3.000000
0.043500 26.000000
0.043550 -20.600000
0.043600 -21.000000
0.043650 24.400000
0.043700 10.000000
0.043750 -10.000000
0.043800 -19.600000
0.043850 16.800000
0.043900 13.200000
0.043950 -25.600000
0.044000 15.600000
0.044050 4.200000
0.044100 -19.400000
0.044150 3.400000
0.044200 24.200000
0.044250 -3.200000
0.044300 -40.000000
0.044350 23.200000
0.044400 31.000000
0.044450 -16.800000
0.044500 -33.600000
0.044550 12.000000
0.044600 40.000000
0.044650 -39.800000
0.044700 -8.600000
0.044750 18.600000
0.044800 -11.800000
0.044850 28.400000
0.044900 -29.800000
0.044950 -3.400000
0.045000 24.000000
0.045050 -21.400000
0.045100 28.600000
0.045150 -30.600000
0.045200 -6.000000
0.045250 40.000000
0.045300 -37.600000
0.045350 3.200000
0.045400 8.200000
0.045450 -2.000000
0.045500 7.600000
0.045550 -18.600000
0.045600 12.000000
0.045650 3.400000
0.045700 -4.000000
0.045750 -4.200000
0.045800 -0.800000
0.045850 11.000000
0.045900 -6.400000
0.045950 1.600000
0.046000 -10.800000
0.046050 7.000000
0.046100 21.600000
0.046150 -29.800000
0.046200 0.800000
0.046250 15.400000
0.046300 -3.800000
0.046350 7.600000
0.046400 -21.800000
0.046450 4.600000
0.046500 19.400000
0.046550 -6.200000
0.046600 -7.400000
0.046650 -13.400000
0.046700 19.600000
0.046750 12.800000
0.046800 -23.600000
0.046850 -5.600000
0.046900 15.000000
0.046950 8.800000
0.047000 -17.200000
0.047050 -0.200000
0.047100 17.200000
0.047150 -23.600000
0.047200 10.600000
0.047250 19.800000
0.047300 -26.600000
0.047350 -0.600000
0.047400 3.800000
0.047450 26.600000
0.047500 -16.600000
0.047550 -40.000000
0.047600 40.000000
0.047650 -4.600000
0.047700 -28.800000
0.047750 16.800000
0.047800 -11.000000
0.047850 23.200000
0.047900 -15.800000
0.047950 -12.600000
0.048000 31.000000
0.048050 -28.800000
0.048100 13.800000
0.048150 5.200000
0.048200 -19.600000
0.048250 24.600000
0.048300 -17.000000
0.048350 -2.600000
0.048400 14.000000
0.048450 -0.000000
0.048500 -11.600000
0.048550 -7.600000
0.048600 23.200000
0.048650 -4.200000
0.048700 -9.000000
0.048750 -11.000000
0.048800 15.200000
0.048850 17.400000
0.048900 -34.600000
0.048950 17.600000
0.049000 -3.200000
0.049050 -10.800000
0.049100 40.000000
0.049150 -40.000000
0.049200 -5.600000
0.049250 29.800000
0.049300 -7.400000
0.049350 6.800000
0.049400 -37.600000
0.049450 24.200000
0.049500 31.200000
0.049550 -40.000000
0.049600 7.200000
0.049650 8.800000
0.049700 3.400000
0.049750 -1.400000
0.049800 -10.200000
0.049850 7.800000
0.049900 -6.800000
0.049950 17.000000
0.050000 -8.800000
0.050050 -23.000000
0.050100 33.800000
0.050150 -5.200000
0.050200 -15.200000
0.050250 -2.000000
0.050300 10.000000
0.050350 28.200000
0.050400 -40.000000
0.050450 6.800000
0.050500 40.000000
0.050550 -40.000000
0.050600 -6.600000
0.050650 10.400000
0.050700 8.000000
0.050750 6.600000
0.050800 -28.200000
0.050850 17.600000
0.050900 3.200000
0.050950 -15.200000
0.051000 23.000000
0.051050 -10.800000
0.051100 -17.400000
0.051150 11.000000
0.051200 22.200000
0.051250 -12.600000
0.051300 -25.600000
0.051350 16.800000
0.051400 10.600000
0.051450 12.600000
0.051500 -33.800000
0.051550 -10.600000
0.051600 40.000000
0.051650 -19.800000
0.051700 -1.400000
0.051750 -18.000000
0.051800 1.400000
0.051850 40.000000
0.051900 -40.000000
0.051950 -1.600000
0.052000 21.200000
0.052050 -17.600000
0.052100 35.600000
0.052150 -35.200000
0.052200 -8.000000
0.052250 30.400000
0.052300 -13.400000
0.052350 16.800000
0.052400 -34.800000
0.052450 4.600000
0.052500 40.000000
0.052550 -29.400000
0.052600 -15.200000
0.052650 11.000000
0.052700 22.000000
0.052750 -16.000000
0.052800 -16.400000
0.052850 20.600000
0.052900 -3.800000
0.052950 2.800000
0.053000 -8.800000
0.053050 -3.200000
0.053100 16.400000
0.053150 -10.800000
0.053200 7.200000
0.053250 -14.800000
0.053300 -3.200000
0.053350 40.000000
0.053400 -36.600000
0.053450 -24.400000
0.053500 40.000000
0.053550 8.400000
0.053600 -24.000000
0.053650 -22.600000
0.053700 31.200000
0.053750 21.400000
0.053800 -37.000000
0.053850 -6.800000
0.053900 26.600000
0.053950 0.400000
0.054000 -17.800000
0.054050 9.200000
0.054100 4.600000
0.054150 -19.800000
0.054200 23.000000
0.054250 1.400000
0.054300 -21.400000
0.054350 12.600000
0.054400 -11.600000
0.054450 28.200000
0.054500 -11.200000
0.054550 -36.600000
0.054600 40.000000
0.054650 -17.800000
0.054700 0.600000
0.054750 8.400000
0.054800 -35.200000
0.054850 40.000000
0.054900 -13.400000
0.054950 -19.600000
0.055000 25.000000
0.055050 -24.200000
0.055100 22.000000
0.055150 -4.800000
0.055200 -12.400000
0.055250 15.600000
0.055300 -18.600000
0.055350 19.800000
0.055400 -2.400000
0.055450 -13.200000
0.055500 3.400000
0.055550 6.800000
0.055600 7.600000
0.055650 -23.000000
0.055700 18.000000
0.055750 -4.400000
0.055800 -7.600000
0.055850 17.000000
0.055900 -17.400000
0.055950 13.800000
0.056000 -14.600000
0.056050 3.600000
0.056100 25.400000
0.056150 -37.600000
0.056200 17.200000
0.056250 3.800000
0.056300 -11.600000
0.056350 22.800000
0.056400 -24.800000
0.056450 4.000000
0.056500 6.200000
0.056550 6.200000
0.056600 3.000000
0.056650 -33.800000
0.056700 24.600000
0.056750 17.200000
0.056800 -18.000000
0.056850 -16.000000
0.056900 10.000000
0.056950 29.400000
0.057000 -30.800000
0.057050 -7.200000
0.057100 25.800000
0.057150 -12.400000
0.057200 2.600000
0.057250 -6.200000
0.057300 0.800000
0.057350 19.400000
0.057400 -27.000000
0.057450 5.200000
0.057500 19.200000
0.057550 -17.600000
0.057600 8.600000
0.057650 -12.000000
0.057700 2.400000
0.057750 29.000000
0.057800 -34.200000
0.057850 -3.600000
0.057900 29.000000
0.057950 -15.600000
0.058000 1.600000
0.058050 -2.600000
0.058100 -1.800000
0.058150 8.000000
0.058200 -6.200000
0.058250 8.800000
0.058300 -8.600000
0.058350 -12.000000
0.058400 18.400000
0.058450 17.000000
0.058500 -35.600000
0.058550 -6.400000
0.058600 40.000000
0.058650 -22.200000
0.058700 -8.000000
0.058750 4.200000
0.058800 -0.600000
0.058850 16.800000
0.058900 -26.400000
0.058950 20.000000
0.059000 -2.200000
0.059050 -29.600000
0.059100 40.000000
0.059150 -15.600000
0.059200 -18.400000
0.059250 9.000000
0.059300 2.600000
0.059350 22.800000
0.059400 -35.800000
0.059450 6.400000
0.059500 15.000000
0.059550 -10.600000
0.059600 18.600000
0.059650 -27.200000
0.059700 3.200000
0.059750 15.200000
0.059800 3.600000
0.059850 -6.600000
0.059900 -29.400000
0.059950 36.200000
0.060000 8.000000
0.060050 -29.800000
0.060100 4.200000
0.060150 7.600000
0.060200 14.000000
0.060250 -19.600000
0.060300 -5.600000
0.060350 21.800000
0.060400 -10.600000
0.060450 -3.200000
0.060500 0.000000
0.060550 6.600000
0.060600 -0.000000
0.060650 -9.200000
0.060700 2.400000
0.060750 5.800000
0.060800 7.000000
0.060850 -23.000000
0.060900 11.000000
0.060950 15.000000
0.061000 -21.400000
0.061050 9.400000
0.061100 -0.600000
0.061150 1.400000
0.061200 -3.000000
0.061250 -7.800000
0.061300 26.800000
0.061350 -19.200000
0.061400 -24.400000
0.061450 40.000000
0.061500 -0.800000
0.061550 -36.400000
0.061600 13.600000
0.061650 15.000000
0.061700 -0.400000
0.061750 -12.400000
0.061800 -8.400000
0.061850 23.000000
0.061900 -12.200000
0.061950 -4.600000
0.062000 26.200000
0.062050 -37.800000
0.062100 3.600000
0.062150 40.000000
0.062200 -20.600000
0.062250 -21.800000
0.062300 0.200000
0.062350 38.600000
0.062400 -7.400000
0.062450 -38.000000
0.062500 17.600000
0.062550 13.400000
0.062600 4.000000
0.062650 -15.000000
0.062700 -7.800000
0.062750 9.200000
0.062800 7.800000
0.062850 11.800000
0.062900 -31.800000
0.062950 -5.200000
0.063000 40.000000
0.063050 -7.600000
0.063100 -28.600000
0.063150 1.800000
0.063200 30.000000
0.063250 -6.200000
0.063300 -26.400000
0.063350 14.000000
0.063400 11.600000
0.063450 -5.000000
0.063500 -17.400000
0.063550 15.800000
0.063600 8.200000
0.063650 -21.400000
0.063700 14.000000
0.063750 -7.400000
0.063800 7.600000
0.063850 3.200000
0.063900 -20.400000
0.063950 18.800000
0.064000 -4.000000
0.064050 -1.200000
0.064100 2.400000
0.064150 -11.400000
0.064200 14.800000
0.064250 -6.000000
0.064300 -2.000000
0.064350 10.600000
0.064400 -18.800000
0.064450 4.800000
0.064500 20.200000
0.064550 -11.400000
0.064600 -17.600000
0.064650 9.600000
0.064700 18.000000
0.064750 -4.600000
0.064800 -24.200000
0.064850 6.800000
0.064900 29.200000
0.064950 -25.800000
0.065000 -0.800000
0.065050 14.200000
0.065100 -18.600000
0.065150 16.600000
0.065200 -2.000000
0.065250 -4.600000
0.065300 -3.800000
0.065350 -5.200000
0.065400 27.400000
0.065450 -16.200000
0.065500 -17.600000
0.065550 18.600000
0.065600 5.400000
0.065650 -5.800000
0.065700 -9.400000
0.065750 6.600000
0.065800 3.000000
0.065850 -1.200000
0.065900 2.200000
0.065950 -12.200000
0.066000 11.800000
0.066050 2.200000
0.066100 -11.600000
0.066150 7.000000
0.066200 2.000000
0.066250 0.600000
0.066300 -12.200000
0.066350 6.600000
0.066400 16.600000
0.066450 -13.200000
0.066500 -18.600000
0.066550 16.400000
0.066600 24.800000
0.066650 -28.800000
0.066700 -10.400000
0.066750 16.400000
0.066800 6.600000
0.066850 8.600000
0.066900 -31.400000
0.066950 -3.200000
0.067000 39.400000
0.067050 -11.000000
0.067100 -17.000000
0.067150 -7.800000
0.067200 13.000000
0.067250 31.600000
0.067300 -38.800000
0.067350 -13.800000
0.067400 38.600000
0.067450 -10.600000
0.067500 -7.800000
0.067550 3.400000
0.067600 -7.600000
0.067650 11.400000
0.067700 -1.800000
0.067750 -0.400000
0.067800 -1.800000
0.067850 -16.800000
0.067900 31.800000
0.067950 -3.200000
0.068000 -34.400000
0.068050 22.400000
0.068100 14.800000
0.068150 -11.600000
0.068200 -20.600000
0.068250 17.000000
0.068300 21.800000
0.068350 -29.400000
0.068400 -6.600000
0.068450 21.800000
0.068500 5.000000
0.068550 -18.000000
0.068600 -5.000000
0.068650 16.800000
0.068700 -3.000000
0.068750 -0.800000
0.068800 -5.000000
0.068850 -5.600000
0.068900 14.800000
0.068950 -4.600000
0.069000 2.600000
0.069050 -11.000000
0.069100 -4.600000
0.069150 25.600000
0.069200 -10.200000
0.069250 -7.600000
0.069300 -9.400000
0.069350 12.000000
0.069400 22.600000
0.069450 -24.400000
0.069500 -13.600000
0.069550 8.400000
0.069600 29.200000
0.069650 -9.800000
0.069700 -37.200000
0.069750 23.000000
0.069800 11.400000
0.069850 3.800000
0.069900 -11.000000
0.069950 -32.000000
0.070000 40.000000
0.070050 8.600000
0.070100 -25.200000
0.070150 -2.200000
0.070200 -12.800000
0.070250 40.000000
0.070300 -11.600000
0.070350 -40.000000
0.070400 40.000000
0.070450 14.000000
0.070500 -25.600000
0.070550 -1.000000
0.070600 2.200000
0.070650 16.600000
0.070700 -13.600000
0.070750 -10.400000
0.070800 26.400000
0.070850 -17.200000
0.070900 -9.600000
0.070950 26.000000
0.071000 -10.200000
0.071050 -19.600000
0.071100 23.200000
0.071150 6.800000
0.071200 -30.200000
0.071250 13.200000
0.071300 15.200000
0.071350 -7.000000
0.071400 -17.800000
0.071450 -1.000000
0.071500 40.000000
0.071550 -30.000000
0.071600 -26.400000
0.071650 40.000000
0.071700 -9.000000
0.071750 -4.800000
0.071800 -4.600000
0.071850 -5.000000
0.071900 23.000000
0.071950 -18.400000
0.072000 7.000000
0.072050 -2.600000
0.072100 -9.800000
0.072150 24.400000
0.072200 -19.200000
0.072250 6.200000
0.072300 -2.200000
0.072350 -4.400000
0.072400 14.400000
0.072450 -14.000000
0.072500 14.600000
0.072550 -20.800000
0.072600 3.000000
0.072650 33.000000
0.072700 -34.000000
0.072750 2.400000
0.072800 5.200000
0.072850 6.000000
0.072900 11.800000
0.072950 -37.400000
0.073000 23.200000
0.073050 8.200000
0.073100 -17.600000
0.073150 19.400000
0.073200 -23.800000
0.073250 8.200000
0.073300 17.600000
0.073350 -17.400000
0.073400 0.000000
0.073450 3.800000
0.073500 3.200000
0.073550 -4.400000
0.073600 0.000000
0.073650 4.800000
0.073700 -1.000000
0.073750 -12.800000
0.073800 8.400000
0.073850 26.000000
0.073900 -36.200000
0.073950 -9.800000
0.074000 40.000000
0.074050 -21.200000
0.074100 -12.000000
0.074150 8.600000
0.074200 -6.400000
0.074250 25.000000
0.074300 -25.400000
0.074350 -0.000000
0.074400 21.600000
0.074450 -35.200000
0.074500 35.200000
0.074550 1.600000
0.074600 -40.000000
0.074650 34.400000
0.074700 3.600000
0.074750 -6.400000
0.074800 -6.000000
0.074850 -15.200000
0.074900 37.000000
0.074950 -14.800000
0.075000 -16.000000
0.075050 13.800000
0.075100 -3.800000
0.075150 12.200000
0.075200 -18.000000
0.075250 5.800000
0.075300 5.400000
0.075350 -3.000000
0.075400 4.200000
0.075450 -22.600000
0.075500 35.200000
0.075550 -10.800000
0.075600 -30.400000
0.075650 35.600000
0.075700 -7.600000
0.075750 0.600000
0.075800 -15.800000
0.075850 1.800000
0.075900 37.000000
0.075950 -40.000000
0.076000 7.000000
0.076050 18.000000
0.076100 -16.800000
0.076150 9.600000
0.076200 -6.600000
0.076250 9.600000
0.076300 -16.600000
0.076350 9.400000
0.076400 14.200000
0.076450 -24.400000
0.076500 13.400000
0.076550 -8.800000
0.076600 13.400000
0.076650 -4.800000
0.076700 -12.800000
0.076750 26.200000
0.076800 -38.000000
0.076850 28.400000
0.076900 20.200000
0.076950 -40.000000
0.077000 28.600000
0.077050 6.200000
0.077100 6.000000
0.077150 -8.600000
0.077200 -38.400000
0.077250 40.000000
0.077300 -10.600000
0.077350 -33.400000
0.077400 29.400000
0.077450 -17.400000
0.077500 8.600000
0.077550 12.800000
0.077600 -18.400000
0.077650 -2.400000
0.077700 2.000000
0.077750 15.800000
0.077800 4.000000
0.077850 -33.400000
0.077900 5.400000
0.077950 35.800000
0.078000 -13.800000
0.078050 -26.800000
0.078100 13.800000
0.078150 15.200000
0.078200 -6.600000
0.078250 -6.200000
0.078300 -9.800000
0.078350 19.200000
0.078400 3.200000
0.078450 -27.200000
0.078500 24.000000
0.078550 -1.600000
0.078600 -16.400000
0.078650 16.400000
0.078700 -8.600000
0.078750 10.000000
0.078800 -9.800000
0.078850 -11.600000
0.078900 35.400000
0.078950 -25.400000
0.079000 -7.800000
0.079050 20.800000
0.079100 -5.000000
0.079150 -4.000000
0.079200 -13.800000
0.079250 30.800000
0.079300 -14.400000
0.079350 -17.200000
0.079400 23.200000
0.079450 -11.200000
0.079500 17.200000
0.079550 -26.800000
0.079600 5.000000
0.079650 27.000000
0.079700 -33.600000
0.079750 31.600000
0.079800 -28.000000
0.079850 -10.400000
0.079900 40.000000
0.079950 -40.000000
0.080000 -7.000000
0.080050 4.600000
0.080100 18.200000
0.080150 21.000000
0.080200 -40.000000
0.080250 27.000000
0.080300 33.600000
0.080350 -23.600000
0.080400 -6.800000
0.080450 -6.200000
0.080500 18.200000
0.080550 -2.400000
0.080600 2.800000
0.080650 -12.400000
0.080700 -9.200000
0.080750 25.800000
0.080800 -2.000000
0.080850 -5.600000
0.080900 -26.000000
0.080950 21.200000
0.081000 33.800000
0.081050 -40.000000
0.081100 8.400000
0.081150 15.600000
0.081200 -5.400000
0.081250 13.200000
0.081300 -35.400000
0.081350 24.400000
0.081400 13.200000
0.081450 -31.400000
0.081500 20.000000
0.081550 -5.400000
0.081600 3.400000
0.081650 0.200000
0.081700 -18.000000
0.081750 26.400000
0.081800 -1.200000
0.081850 -26.600000
0.081900 14.200000
0.081950 12.800000
0.082000 -7.200000
0.082050 -12.400000
0.082100 5.400000
0.082150 14.200000
0.082200 -15.600000
0.082250 3.800000
0.082300 5.200000
0.082350 -7.600000
0.082400 1.800000
0.082450 -0.000000
0.082500 15.400000
0.082550 -22.400000
0.082600 -6.000000
0.082650 34.400000
0.082700 -22.600000
0.082750 -1.600000
0.082800 6.400000
0.082850 -13.000000
0.082900 26.000000
0.082950 -15.200000
0.083000 -8.000000
0.083050 7.000000
0.083100 -2.600000
0.083150 22.200000
0.083200 -27.000000
0.083250 -7.400000
0.083300 26.000000
0.083350 1.600000
0.083400 -20.200000
0.083450 -4.000000
0.083500 28.000000
0.083550 -19.800000
0.083600 2.200000
0.083650 5.600000
0.083700 -11.400000
0.083750 19.600000
0.083800 -23.000000
0.083850 14.800000
0.083900 5.000000
0.083950 -26.200000
0.084000 35.200000
0.084050 -27.600000
0.084100 3.600000
0.084150 27.400000
0.084200 -38.200000
0.084250 19.000000
0.084300 -3.600000
0.084350 7.200000
0.084400 5.200000
0.084450 -34.400000
0.084500 29.600000
0.084550 2.400000
0.084600 -6.000000
0.084650 -2.600000
0.084700 -19.400000
0.084750 26.000000
0.084800 15.000000
0.084850 -24.000000
0.084900 -25.400000
0.084950 27.000000
0.085000 37.000000
0.085050 -39.400000
0.085100 -30.200000
0.085150 36.200000
0.085200 28.000000
0.085250 -32.200000
0.085300 -27.200000
0.085350 37.600000
0.085400 5.200000
0.085450 -21.400000
0.085500 7.200000
0.085550 -1.200000
0.085600 -1.600000
0.085650 4.400000
0.085700 8.200000
0.085750 -13.600000
0.085800 -10.200000
0.085850 23.000000
0.085900 4.000000
0.085950 -23.400000
0.086000 0.400000
0.086050 21.600000
0.086100 -6.000000
0.086150 -15.800000
0.086200 8.800000
0.086250 9.400000
0.086300 -13.000000
0.086350 6.400000
0.086400 0.000000
0.086450 -10.000000
0.086500 18.200000
0.086550 -10.400000
0.086600 -4.800000
0.086650 5.000000
0.086700 -1.600000
0.086750 18.800000
0.086800 -29.600000
0.086850 -3.600000
0.086900 40.000000
0.086950 -27.400000
0.087000 -6.400000
0.087050 5.600000
0.087100 -0.800000
0.087150 25.400000
0.087200 -30.600000
0.087250 -5.800000
0.087300 20.600000
0.087350 1.000000
0.087400 1.800000
0.087450 -22.800000
0.087500 4.400000
0.087550 21.800000
0.087600 -1.200000
0.087650 -18.600000
0.087700 -5.400000
0.087750 15.000000
0.087800 9.400000
0.087850 -1.200000
0.087900 -26.800000
0.087950 -1.000000
0.088000 39.800000
0.088050 -5.000000
0.088100 -36.600000
0.088150 -2.400000
0.088200 40.000000
0.088250 5.000000
0.088300 -40.000000
0.088350 14.200000
0.088400 33.000000
0.088450 -14.800000
0.088500 -18.800000
0.088550 7.400000
0.088600 23.200000
0.088650 -26.400000
0.088700 -0.800000
0.088750 26.200000
0.088800 -20.800000
0.088850 -5.200000
0.088900 14.000000
0.088950 0.800000
0.089000 -7.000000
0.089050 -4.000000
0.089100 10.400000
0.089150 -2.800000
0.089200 -10.200000
0.089250 18.200000
0.089300 -8.200000
0.089350 -15.400000
0.089400 20.600000
0.089450 0.800000
0.089500 -12.000000
0.089550 -1.800000
0.089600 7.600000
0.089650 6.400000
0.089700 -14.000000
0.089750 4.000000
0.089800 10.200000
0.089850 -19.200000
0.089900 14.600000
0.089950 6.600000
0.090000 -20.000000
0.090050 9.000000
0.090100 1.000000
0.090150 6.600000
0.090200 -6.400000
0.090250 -11.200000
0.090300 17.200000
0.090350 -3.000000
0.090400 -8.200000
0.090450 10.200000
0.090500 -7.800000
0.090550 -4.400000
0.090600 17.200000
0.090650 -9.400000
0.090700 -5.800000
0.090750 4.600000
0.090800 -2.200000
0.090850 11.800000
0.090900 -7.000000
0.090950 -13.800000
0.091000 12.200000
0.091050 7.400000
0.091100 -3.200000
0.091150 -10.600000
0.091200 -4.400000
0.091250 23.200000
0.091300 -5.600000
0.091350 -19.400000
0.091400 11.000000
0.091450 11.800000
0.091500 -13.200000
0.091550 -7.000000
0.091600 22.400000
0.091650 -9.000000
0.091700 -19.800000
0.091750 16.400000
0.091800 17.600000
0.091850 -18.400000
0.091900 -18.000000
0.091950 17.800000
0.092000 19.600000
0.092050 -14.800000
0.092100 -25.800000
0.092150 24.000000
0.092200 9.600000
0.092250 -12.600000
0.092300 4.000000
0.092350 -18.400000
0.092400 17.400000
0.092450 16.000000
0.092500 -28.400000
0.092550 7.800000
0.092600 0.200000
0.092650 3.800000
0.092700 11.600000
0.092750 -26.800000
0.092800 15.200000
0.092850 1.400000
0.092900 -7.200000
0.092950 16.400000
0.093000 -21.000000
0.093050 4.600000
0.093100 11.200000
0.093150 -3.600000
0.093200 -5.800000
0.093250 -2.000000
0.093300 10.600000
0.093350 -5.600000
0.093400 -3.800000
0.093450 6.400000
0.093500 0.800000
0.093550 -11.000000
0.093600 7.000000
0.093650 12.400000
0.093700 -19.200000
0.093750 1.400000
0.093800 13.600000
0.093850 -9.600000
0.093900 3.200000
0.093950 -5.000000
0.094000 4.200000
0.094050 2.800000
0.094100 -11.200000
0.094150 19.800000
0.094200 -18.000000
0.094250 -5.000000
0.094300 27.600000
0.094350 -19.200000
0.094400 -8.200000
0.094450 16.800000
0.094500 1.600000
0.094550 -15.200000
0.094600 -0.200000
0.094650 22.200000
0.094700 -7.400000
0.094750 -30.400000
0.094800 24.600000
0.094850 24.800000
0.094900 -30.600000
0.094950 -19.800000
0.095000 27.800000
0.095050 26.200000
0.095100 -39.200000
0.095150 -9.800000
0.095200 28.000000
0.095250 -2.800000
0.095300 4.200000
0.095350 -19.800000
0.095400 -3.200000
0.095450 29.000000
0.095500 -17.000000
0.095550 5.200000
0.095600 -6.800000
0.095650 -16.200000
0.095700 40.000000
0.095750 -17.800000
0.095800 -12.200000
0.095850 7.000000
0.095900 -6.400000
0.095950 26.200000
0.096000 -14.200000
0.096050 -19.200000
0.096100 10.000000
0.096150 21.600000
0.096200 -10.800000
0.096250 -18.600000
0.096300 15.000000
0.096350 -2.000000
0.096400 10.600000
0.096450 -13.000000
0.096500 -6.000000
0.096550 20.600000
0.096600 -23.200000
0.096650 22.600000
0.096700 -4.200000
0.096750 -31.400000
0.096800 40.000000
0.096850 -14.600000
0.096900 -7.400000
0.096950 1.400000
0.097000 -3.600000
0.097050 30.400000
0.097100 -40.000000
0.097150 14.400000
0.097200 21.600000
0.097250 -29.000000
0.097300 16.600000
0.097350 -7.600000
0.097400 2.800000
0.097450 1.000000
0.097500 -1.400000
0.097550 8.000000
0.097600 -24.000000
0.097650 18.200000
0.097700 20.000000
0.097750 -33.600000
0.097800 -9.200000
0.097850 32.400000
0.097900 17.000000
0.097950 -40.000000
0.098000 -7.400000
0.098050 40.000000
0.098100 -14.400000
0.098150 -33.400000
0.098200 1.400000
0.098250 28.400000
0.098300 9.600000
0.098350 -34.600000
0.098400 0.800000
0.098450 19.600000
0.098500 -3.200000
0.098550 1.200000
0.098600 -5.200000
0.098650 -16.800000
0.098700 23.200000
0.098750 9.400000
0.098800 -22.000000
0.098850 -1.600000
0.098900 7.400000
0.098950 6.400000
0.099000 -0.200000
0.099050 -7.800000
0.099100 -9.400000
0.099150 20.200000
0.099200 -4.800000
0.099250 -8.600000
0.099300 13.400000
0.099350 -24.400000
0.099400 25.600000
0.099450 1.200000
0.099500 -33.200000
0.099550 40.000000
0.099600 -22.400000
0.099650 -11.200000
0.099700 32.800000
0.099750 -27.800000
0.099800 16.200000
0.099850 -11.200000
0.099900 -4.400000
0.099950 29.800000
0.100000 -31.800000
0.100050 6.000000
0.100100 12.600000
0.100150 -9.200000
0.100200 -0.800000
0.100250 5.000000
0.100300 -2.000000
0.100350 -4.400000
0.100400 6.400000
0.100450 -3.400000
0.100500 3.000000
0.100550 -4.200000
0.100600 3.000000
0.100650 -0.600000
0.100700 -2.400000
0.100750 4.800000
0.100800 -1.400000
0.100850 -3.000000
0.100900 -1.400000
0.100950 7.800000
0.101000 -5.400000
0.101050 0.400000
0.101100 0.400000
0.101150 -1.200000
0.101200 -0.200000
0.101250 3.600000
0.101300 1.800000
0.101350 -10.400000
0.101400 5.600000
0.101450 3.800000
0.101500 -1.600000
0.101550 -3.000000
0.101600 3.000000
0.101650 -5.600000
0.101700 2.600000
0.101750 9.800000
0.101800 -9.400000
0.101850 -2.600000
0.101900 -0.200000
0.101950 7.800000
0.102000 1.200000
0.102050 -4.200000
0.102100 -6.400000
0.102150 2.400000
0.102200 3.400000
0.102250 8.800000
0.102300 5.800000
0.102350 -40.000000
