10.2539062500 1943.2329241107 262.7387339156
71.2890625000 1197.1021537832 -287.1074245934
132.3242187500 1550.6608361392 444.1901873762
193.3593750000 1685.4226723539 -473.1832308427
254.3945312500 916.4256394474 69.4498608144
315.4296875000 1918.2233344687 147.9285015318
376.4648437500 1172.3957044255 -472.7916672457
437.5000000000 1382.6032879284 593.8552341290
498.5351562500 1964.2809606455 -449.7702499807
559.5703125000 939.8117090771 -35.1873604823
620.6054687500 2114.9519323715 444.1532126951
681.6406250000 1629.8652353040 -653.2039304897
742.6757812500 1366.8765073442 575.3353902409
803.7109375000 2563.6661031727 -143.7061854879
864.7460937500 1331.7550637125 -392.0099733823
925.7812500000 2278.2489453859 682.4206632545
986.8164062500 2851.9191028661 -731.4796598662
1047.8515625000 1681.1332076962 207.0882504062
1108.8867187500 4034.4298762379 773.8033660788
1169.9218750000 4773.8160333879 -1841.8434873653
1230.9570312500 3402.6444847943 8710.3055890991
1291.9921875000 619.4023940970 -3020.3335621229
1353.0273437500 2663.6447671634 3923.6855585052
1414.0625000000 7629.2587030640 607.4202994414
1475.0976562500 2251.9562854164 9111.7101990001
1536.1328125000 -3055.0013135330 8568.3229910245
1597.1679687500 -2975.2897548066 -3181.7641009931
1658.2031250000 1025.1065294488 4652.2700962753
1719.2382812500 1064.7589301066 807.6260414134
1780.2734375000 -1438.7194002508 -1477.9430825880
1841.3085937500 12571.4815387918 10026.8043409262
1902.3437500000 -14614.4795504695 9054.4191290347
1963.3789062500 -1046.0149263462 -1445.2806924387
2024.4140625000 -4265.9335255179 -346.7635998100
2085.4492187500 -870.1944351673 986.8953747914
2146.4843750000 -1389.8808104240 -904.9327745580
2207.5195312500 -1326.3868994074 633.0013995333
2268.5546875000 -186.4306084825 -339.7160324336
2329.5898437500 -1015.9046155769 34.8670295919
2390.6250000000 76.3062586129 176.4389336837
2451.6601562500 -466.9062808913 -322.9044824558
2512.6953125000 56.8602063054 474.5559986630
2573.7304687500 305.1425283825 -546.0675499564
2634.7656250000 -178.7472822010 500.0165159899
2695.8007812500 1486.0710654385 -211.4892241255
2756.8359375000 -93.0757483685 -493.1260421719
2817.8710937500 2711.1320946460 1603.1713041862
2878.9062500000 3764.4751267875 -3641.4557793719
2939.9414062500 7226.1203532418 15584.0583411118
3000.9765625000 -12660.6195220226 1550.9573658041
3062.0117187500 -300.4445618851 1158.1014180835
3123.0468750000 -2868.6668636089 -1676.2941605451
3184.0820312500 -1635.5711946379 1466.0490258944
3245.1171875000 -262.0346862282 -857.2756958249
3306.1523437500 -1923.4313935424 164.8045245944
3367.1875000000 56.4868744336 471.9934143916
3428.2226562500 -986.8810806737 -710.1509678055
3489.2578125000 -681.4820573892 787.3483845595
3550.2929687500 189.4442732104 -497.4104425696
3611.3281250000 -980.5853263629 85.0727050114
3672.3632812500 646.4985209427 398.9760405021
3733.3984375000 -326.0894785923 -786.8987550540
3794.4335937500 341.6054711939 1111.3958548737
3855.4687500000 2406.7424613664 -1722.5314834662
3916.5039062500 915.9203867952 7027.3656640397
3977.5390625000 -4875.6101331844 -130.6142235410
