50
0.0000000000 0.0000000000
0.0002000000 24.2748711812
0.0004000000 -4.6786062237
0.0006000000 4.0515357067
0.0008000000 -16.2298290764
0.0010000000 -15.8103454975
0.0012000000 28.7288700731
0.0014000000 14.9743061726
0.0016000000 -19.3767113379
0.0018000000 -25.0566946699
0.0020000000 23.3928988759
0.0022000000 9.7723896029
0.0024000000 -5.7653149897
0.0026000000 -11.3275751123
0.0028000000 4.4759721490
0.0030000000 11.9743316157
0.0032000000 -18.3906579077
0.0034000000 0.2831822885
0.0036000000 28.1442255988
0.0038000000 -25.4572119371
0.0040000000 3.2110681141
0.0042000000 1.8501049643
0.0044000000 -5.6109069280
0.0046000000 8.5619244855
0.0048000000 14.4691900461
0.0050000000 -20.7536679759
0.0052000000 -14.7478049657
0.0054000000 20.2554837165
0.0056000000 14.3366796157
0.0058000000 -14.9482146996
0.0060000000 -5.1172455617
0.0062000000 -5.7418893353
0.0064000000 17.6665731890
0.0066000000 -11.1628399431
0.0068000000 5.2726600235
0.0070000000 14.4282149995
0.0072000000 -30.6799114438
0.0074000000 -0.6106498683
0.0076000000 29.0126480135
0.0078000000 -4.2115428504
0.0080000000 -11.9988867773
0.0082000000 -5.4778556477
0.0084000000 4.1193921072
0.0086000000 4.2704169640
0.0088000000 7.7868611310
0.0090000000 -6.2088565153
0.0092000000 -5.3252491413
0.0094000000 2.8731299955
0.0096000000 -16.4462500205
0.0098000000 27.9522288111
