50
0.0000000000 0.0000000000
0.0002000000 24.7162197670
0.0004000000 -3.0839673407
0.0006000000 22.2352973736
0.0008000000 -7.2443206779
0.0010000000 2.6356015071
0.0012000000 1.8638105501
0.0014000000 -34.3497339964
0.0016000000 8.3519301707
0.0018000000 -2.0400276536
0.0020000000 20.4373817004
0.0022000000 13.5852276665
0.0024000000 -9.9919593029
0.0026000000 19.8350292597
0.0028000000 -2.0127544682
0.0030000000 -7.3744362083
0.0032000000 -8.8520884632
0.0034000000 -16.6674169363
0.0036000000 27.0499160478
0.0038000000 3.3135077172
0.0040000000 7.5410355360
0.0042000000 3.4103062738
0.0044000000 3.3587447806
0.0046000000 11.4550192362
0.0048000000 -9.8453262640
0.0050000000 -10.9629584137
0.0052000000 5.0255065038
0.0054000000 1.2909227770
0.0056000000 9.7621926124
0.0058000000 -3.6367631648
0.0060000000 8.5508171543
0.0062000000 9.3219648181
0.0064000000 2.2451643996
0.0066000000 -9.3361302060
0.0068000000 0.2294863812
0.0070000000 -1.6696672405
0.0072000000 0.9169189278
0.0074000000 -8.1469269053
0.0076000000 -3.2746008657
0.0078000000 17.4541587188
0.0080000000 7.6463414655
0.0082000000 -2.4806649944
0.0084000000 -4.2944735397
0.0086000000 -10.1298979866
0.0088000000 10.7584189181
0.0090000000 -18.6775995829
0.0092000000 -11.0052241574
0.0094000000 5.4610259730
0.0096000000 5.3197518915
0.0098000000 23.9567333882
