50
0.0000000000 0.0000000000
0.0002000000 -18.6308879656
0.0004000000 8.5187559852
0.0006000000 7.5359980309
0.0008000000 0.2800764152
0.0010000000 -11.9828988549
0.0012000000 0.4438282224
0.0014000000 21.8840184927
0.0016000000 -25.8297685738
0.0018000000 17.3268417616
0.0020000000 -11.9895938097
0.0022000000 8.7124626606
0.0024000000 3.3896066384
0.0026000000 -15.0163448778
0.0028000000 14.7582078934
0.0030000000 -3.1044061810
0.0032000000 -6.5688862835
0.0034000000 6.1520865745
0.0036000000 0.5694153688
0.0038000000 -0.5977315755
0.0040000000 -8.4527307737
0.0042000000 8.3631025621
0.0044000000 9.2466072955
0.0046000000 -23.9129058280
0.0048000000 14.4680585395
0.0050000000 -1.3726429658
0.0052000000 8.6231845911
0.0054000000 -22.5406682814
0.0056000000 11.8222972143
0.0058000000 11.2457229436
0.0060000000 -17.0183330416
0.0062000000 6.2265642248
0.0064000000 -3.7182293549
0.0066000000 5.6689014512
0.0068000000 4.8894198431
0.0070000000 -18.1608342977
0.0072000000 9.7455201741
0.0074000000 12.8261104015
0.0076000000 -18.9716143369
0.0078000000 5.9280917735
0.0080000000 0.7745685002
0.0082000000 12.0489563719
0.0084000000 -22.4342815689
0.0086000000 12.9450562806
0.0088000000 6.3816486335
0.0090000000 -9.7582524785
0.0092000000 -1.2874068233
0.0094000000 6.4838543056
0.0096000000 4.0150108497
0.0098000000 -11.3084792694
