50
0.0000000000 0.0000000000
0.0002000000 12.4342474683
0.0004000000 -8.8381662705
0.0006000000 -8.6187534991
0.0008000000 17.7835775271
0.0010000000 -7.2624265376
0.0012000000 -4.3400852653
0.0014000000 2.3649336245
0.0016000000 -1.2790487003
0.0018000000 10.8073901808
0.0020000000 -15.1785504854
0.0022000000 6.4268354528
0.0024000000 3.8079588830
0.0026000000 -11.8304717270
0.0028000000 18.7660318534
0.0030000000 -12.8842633811
0.0032000000 -5.4668137252
0.0034000000 12.1895923024
0.0036000000 -3.1696361497
0.0038000000 2.9074751953
0.0040000000 -12.2922226188
0.0042000000 6.6709512626
0.0044000000 10.0149988270
0.0046000000 -11.5582017042
0.0048000000 0.5824450430
0.0050000000 2.8101680269
0.0052000000 -0.4202869847
0.0054000000 0.2876984591
0.0056000000 3.9236107624
0.0058000000 -9.8136004188
0.0060000000 3.0803560589
0.0062000000 11.2014660915
0.0064000000 -14.4663186674
0.0066000000 7.3494265624
0.0068000000 -1.8389536913
0.0070000000 -2.6189117396
0.0072000000 9.6229511851
0.0074000000 -13.8559014953
0.0076000000 11.4773267707
0.0078000000 -3.7322471583
0.0080000000 -7.3071504378
0.0082000000 14.4238077406
0.0084000000 -11.4629635720
0.0086000000 5.5263394107
0.0088000000 -2.5797872113
0.0090000000 -5.0115921104
0.0092000000 15.0313644515
0.0094000000 -10.1925768059
0.0096000000 -5.2575803398
0.0098000000 6.7607263749
