50
0.0000000000 0.0000000000
0.0002000000 5.5982921026
0.0004000000 8.4996893246
0.0006000000 -1.0059327787
0.0008000000 4.2331732487
0.0010000000 2.3910553954
0.0012000000 -12.0431895233
0.0014000000 -9.2987244468
0.0016000000 13.5731592144
0.0018000000 -12.7463179263
0.0020000000 -1.7901392475
0.0022000000 16.5204331929
0.0024000000 14.3777684268
0.0026000000 -15.4505348174
0.0028000000 -6.3175073975
0.0030000000 2.3780168870
0.0032000000 8.9172525177
0.0034000000 -23.9504224562
0.0036000000 3.9463321513
0.0038000000 4.9626941750
0.0040000000 18.8746717562
0.0042000000 2.6547650626
0.0044000000 -15.2951094558
0.0046000000 -9.2480279905
0.0048000000 27.8854972997
0.0050000000 -24.4952617134
0.0052000000 -7.8215531931
0.0054000000 -1.5341498665
0.0056000000 19.5023533015
0.0058000000 10.8627420268
0.0060000000 -8.2650225199
0.0062000000 -14.7929960203
0.0064000000 23.3266869310
0.0066000000 -17.7222208834
0.0068000000 -0.4423819955
0.0070000000 -11.2088789414
0.0072000000 4.0217972734
0.0074000000 13.2648604631
0.0076000000 9.9838102442
0.0078000000 -7.4751601033
0.0080000000 -1.0105843703
0.0082000000 -14.4039507633
0.0084000000 28.1884219406
0.0086000000 -24.5883054816
0.0088000000 -23.5655510687
0.0090000000 30.1381736313
0.0092000000 14.7043962279
0.0094000000 -14.5413299771
0.0096000000 5.3183398331
0.0098000000 -7.2090259550
