50
0.0000000000 0.0000000000
0.0002000000 14.1665251697
0.0004000000 9.2723221656
0.0006000000 12.6993063358
0.0008000000 -3.2658610770
0.0010000000 12.8734295095
0.0012000000 -0.1226855970
0.0014000000 11.7359380880
0.0016000000 13.8943628162
0.0018000000 -15.0308400829
0.0020000000 19.4561777968
0.0022000000 -17.1181162616
0.0024000000 -31.6892927288
0.0026000000 6.2934422723
0.0028000000 -2.6077791790
0.0030000000 -12.4535461255
0.0032000000 0.1413240936
0.0034000000 2.0377849544
0.0036000000 -28.1708496920
0.0038000000 16.6034647165
0.0040000000 17.3429350327
0.0042000000 -9.6956763545
0.0044000000 30.7806566167
0.0046000000 5.8042043289
0.0048000000 1.5597664336
0.0050000000 0.7517189620
0.0052000000 -2.8508098175
0.0054000000 12.5717522232
0.0056000000 -0.1004810318
0.0058000000 -1.6701641592
0.0060000000 -19.6375917176
0.0062000000 -12.3816536775
0.0064000000 -11.4766254863
0.0066000000 -4.6684293611
0.0068000000 0.9199704588
0.0070000000 -8.1446621375
0.0072000000 14.8907011028
0.0074000000 -14.4487636457
0.0076000000 4.8691488849
0.0078000000 15.5844808129
0.0080000000 -6.6002370510
0.0082000000 37.5889060635
0.0084000000 9.8231270573
0.0086000000 -17.1759773889
0.0088000000 5.4556488071
0.0090000000 7.8651583762
0.0092000000 -15.3071790080
0.0094000000 -0.3502309458
0.0096000000 12.4260786069
0.0098000000 -33.9362374635
