2048
0.000000 0.000000
0.000050 4.821943
0.000100 9.397424
0.000150 13.495801
0.000200 16.917003
0.000250 19.504212
0.000300 21.153630
0.000350 21.820675
0.000400 21.522197
0.000450 20.334587
0.000500 18.387918
0.000550 15.856551
0.000600 12.946852
0.000650 9.882870
0.000700 6.890981
0.000750 4.184524
0.000800 1.949494
0.000850 0.332240
0.000900 -0.570004
0.000950 -0.715140
0.001000 -0.118405
0.001050 1.149366
0.001100 2.967261
0.001150 5.173169
0.001200 7.575383
0.001250 9.966111
0.001300 12.135955
0.001350 13.888358
0.001400 15.053055
0.001450 15.497613
0.001500 15.136328
0.001550 13.935879
0.001600 11.917446
0.001650 9.155158
0.001700 5.771056
0.001750 1.926954
0.001800 -2.186220
0.001850 -6.360829
0.001900 -10.385847
0.001950 -14.060175
0.002000 -17.205083
0.002050 -19.674962
0.002100 -21.365726
0.002150 -22.220354
0.002200 -22.231269
0.002250 -21.439487
0.002300 -19.930659
0.002350 -17.828356
0.002400 -15.285108
0.002450 -12.471842
0.002500 -9.566469
0.002550 -6.742378
0.002600 -4.157597
0.002650 -1.945315
0.002700 -0.206330
0.002750 0.996140
0.002800 1.639028
0.002850 1.739292
0.002900 1.351191
0.002950 0.561233
0.003000 -0.518786
0.003050 -1.760142
0.003100 -3.026349
0.003150 -4.182495
0.003200 -5.104167
0.003250 -5.685374
0.003300 -5.845039
0.003350 -5.531672
0.003400 -4.726014
0.003450 -3.441566
0.003500 -1.723057
0.003550 0.356971
0.003600 2.703170
0.003650 5.203606
0.003700 7.736758
0.003750 10.178845
0.003800 12.411016
0.003850 14.325986
0.003900 15.833753
0.003950 16.866099
0.004000 17.379684
0.004050 17.357616
0.004100 16.809489
0.004150 15.769967
0.004200 14.296071
0.004250 12.463379
0.004300 10.361417
0.004350 8.088522
0.004400 5.746480
0.004450 3.435239
0.004500 1.247961
0.004550 -0.733355
0.004600 -2.441482
0.004650 -3.826668
0.004700 -4.858349
0.004750 -5.525837
0.004800 -5.837988
0.004850 -5.821924
0.004900 -5.520894
0.004950 -4.991411
0.005000 -4.299819
0.005050 -3.518466
0.005100 -2.721657
0.005150 -1.981591
0.005200 -1.364458
0.005250 -0.926873
0.005300 -0.712819
0.005350 -0.751240
0.005400 -1.054393
0.005450 -1.617064
0.005500 -2.416688
0.005550 -3.414383
0.005600 -4.556876
0.005650 -5.779248
0.005700 -7.008368
0.005750 -8.166874
0.005800 -9.177490
0.005850 -9.967480
0.005900 -10.472976
0.005950 -10.642955
0.006000 -10.442616
0.006050 -9.855947
0.006100 -8.887302
0.006150 -7.561864
0.006200 -5.924908
0.006250 -4.039888
0.006300 -1.985391
0.006350 0.148877
0.006400 2.266887
0.006450 4.271579
0.006500 6.070366
0.006550 7.580503
0.006600 8.733997
0.006650 9.481735
0.006700 9.796564
0.006750 9.675086
0.006800 9.138053
0.006850 8.229273
0.006900 7.013099
0.006950 5.570605
0.007000 3.994694
0.007050 2.384410
0.007100 0.838833
0.007150 -0.549083
0.007200 -1.698304
0.007250 -2.544779
0.007300 -3.045431
0.007350 -3.180802
0.007400 -2.956172
0.007450 -2.401067
0.007500 -1.567176
0.007550 -0.524821
0.007600 0.641817
0.007650 1.840367
0.007700 2.976494
0.007750 3.960235
0.007800 4.712041
0.007850 5.168116
0.007900 5.284691
0.007950 5.040959
0.008000 4.440467
0.008050 3.510895
0.008100 2.302219
0.008150 0.883420
0.008200 -0.662052
0.008250 -2.241737
0.008300 -3.760172
0.008350 -5.125046
0.008400 -6.253081
0.008450 -7.075263
0.008500 -7.541074
0.008550 -7.621470
0.008600 -7.310420
0.008650 -6.624945
0.008700 -5.603676
0.008750 -4.304063
0.008800 -2.798464
0.008850 -1.169380
0.008900 0.495796
0.008950 2.110183
0.009000 3.592591
0.009050 4.872153
0.009100 5.892119
0.009150 6.612603
0.009200 7.012152
0.009250 7.088083
0.009300 6.855624
0.009350 6.345990
0.009400 5.603569
0.009450 4.682456
0.009500 3.642603
0.009550 2.545869
0.009600 1.452225
0.009650 0.416358
0.009700 -0.515127
0.009750 -1.305785
0.009800 -1.930605
0.009850 -2.376472
0.009900 -2.641859
0.009950 -2.735856
0.010000 -2.676663
0.010050 -2.489713
0.010100 -2.205582
0.010150 -1.857858
0.010200 -1.481109
0.010250 -1.109058
0.010300 -0.773047
0.010350 -0.500830
0.010400 -0.315695
0.010450 -0.235899
0.010500 -0.274346
0.010550 -0.438465
0.010600 -0.730214
0.010650 -1.146143
0.010700 -1.677491
0.010750 -2.310291
0.010800 -3.025480
0.010850 -3.799060
0.010900 -4.602359
0.010950 -5.402439
0.011000 -6.162749
0.011050 -6.844054
0.011100 -7.405703
0.011150 -7.807231
0.011200 -8.010290
0.011250 -7.980818
0.011300 -7.691366
0.011350 -7.123410
0.011400 -6.269503
0.011450 -5.135050
0.011500 -3.739536
0.011550 -2.117024
0.011600 -0.315787
0.011650 1.603014
0.011700 3.567622
0.011750 5.498904
0.011800 7.314361
0.011850 8.932727
0.011900 10.278886
0.011950 11.288793
0.012000 11.914040
0.012050 12.125727
0.012100 11.917301
0.012150 11.306091
0.012200 10.333332
0.012250 9.062582
0.012300 7.576527
0.012350 5.972310
0.012400 4.355615
0.012450 2.833864
0.012500 1.508953
0.012550 0.470017
0.012600 -0.213262
0.012650 -0.496287
0.012700 -0.363684
0.012750 0.168433
0.012800 1.052324
0.012850 2.210701
0.012900 3.541005
0.012950 4.921643
0.013000 6.219853
0.013050 7.300697
0.013100 8.036584
0.013150 8.316696
0.013200 8.055612
0.013250 7.200525
0.013300 5.736471
0.013350 3.689131
0.013400 1.124930
0.013450 -1.851665
0.013500 -5.103574
0.013550 -8.468937
0.013600 -11.770909
0.013650 -14.828788
0.013700 -17.469729
0.013750 -19.540275
0.013800 -20.916874
0.013850 -21.514651
0.013900 -21.293780
0.013950 -20.262953
0.014000 -18.479657
0.014050 -16.047157
0.014100 -13.108341
0.014150 -9.836782
0.014200 -6.425584
0.014250 -3.074746
0.014300 0.022105
0.014350 2.690720
0.014400 4.788060
0.014450 6.212111
0.014500 6.909005
0.014550 6.876887
0.014600 6.166234
0.014650 4.876574
0.014700 3.149755
0.014750 1.160236
0.014800 -0.897001
0.014850 -2.820073
0.014900 -4.414446
0.014950 -5.506824
0.015000 -5.957707
0.015050 -5.671749
0.015100 -4.605169
0.015150 -2.769686
0.015200 -0.232675
0.015250 2.886502
0.015300 6.423753
0.015350 10.180647
0.015400 13.937232
0.015450 17.466422
0.015500 20.548986
0.015550 22.988116
0.015600 24.622578
0.015650 25.337552
0.015700 25.072427
0.015750 23.825002
0.015800 21.651822
0.015850 18.664614
0.015900 15.023077
0.015950 10.924503
0.016000 6.590950
0.016050 2.254831
0.016100 -1.856109
0.016150 -5.533407
0.016200 -8.601106
0.016250 -10.926720
0.016300 -12.429202
0.016350 -13.083411
0.016400 -12.920801
0.016450 -12.026323
0.016500 -10.531768
0.016550 -8.606053
0.016600 -6.443114
0.016650 -4.248256
0.016700 -2.223892
0.016750 -0.555637
0.016800 0.600316
0.016850 1.127696
0.016900 0.957851
0.016950 0.074172
0.017000 -1.487042
0.017050 -3.639266
0.017100 -6.251772
0.017150 -9.158540
0.017200 -12.169443
0.017250 -15.082917
0.017300 -17.699270
0.017350 -19.833738
0.017400 -21.328442
0.017450 -22.062464
0.017500 -21.959426
0.017550 -20.992113
0.017600 -19.183888
0.017650 -16.606865
0.017700 -13.377017
0.017750 -9.646598
0.017800 -5.594402
0.017850 -1.414546
0.017900 2.695488
0.017950 6.546767
0.018000 9.970024
0.018050 12.825299
0.018100 15.009518
0.018150 16.461592
0.018200 17.164783
0.018250 17.146250
0.018300 16.473899
0.018350 15.250788
0.018400 13.607523
0.018450 11.693174
0.018500 9.665311
0.018550 7.679816
0.018600 5.881108
0.018650 4.393359
0.018700 3.313237
0.018750 2.704557
0.018800 2.595115
0.018850 2.975845
0.018900 3.802266
0.018950 4.998081
0.019000 6.460634
0.019050 8.067857
0.019100 9.686242
0.019150 11.179346
0.019200 12.416300
0.019250 13.279836
0.019300 13.673359
0.019350 13.526698
0.019400 12.800220
0.019450 11.487113
0.019500 9.613762
0.019550 7.238217
0.019600 4.446902
0.019650 1.349767
0.019700 -1.925812
0.019750 -5.242021
0.019800 -8.458096
0.019850 -11.437885
0.019900 -14.057080
0.019950 -16.209724
0.020000 -17.813664
0.020050 -18.814656
0.020100 -19.188927
0.020150 -18.944067
0.020200 -18.118218
0.020250 -16.777613
0.020300 -15.012615
0.020350 -12.932468
0.020400 -10.659047
0.020450 -8.319960
0.020500 -6.041362
0.020550 -3.940883
0.020600 -2.121065
0.020650 -0.663657
0.020700 0.374887
0.020750 0.966468
0.020800 1.112759
0.020850 0.844890
0.020900 0.221402
0.020950 -0.675437
0.021000 -1.744756
0.021050 -2.873372
0.021100 -3.942888
0.021150 -4.837193
0.021200 -5.449930
0.021250 -5.691465
0.021300 -5.494949
0.021350 -4.821080
0.021400 -3.661235
0.021450 -2.038773
0.021500 -0.008375
0.021550 2.346581
0.021600 4.918475
0.021650 7.581501
0.021700 10.198981
0.021750 12.631499
0.021800 14.745367
0.021850 16.420900
0.021900 17.559966
0.021950 18.092341
0.022000 17.980419
0.022050 17.221979
0.022100 15.850776
0.022150 13.934906
0.022200 11.572993
0.022250 8.888439
0.022300 6.022053
0.022350 3.123532
0.022400 0.342319
0.022450 -2.181575
0.022500 -4.326186
0.022550 -5.995094
0.022600 -7.123297
0.022650 -7.681073
0.022700 -7.675563
0.022750 -7.149950
0.022800 -6.180296
0.022850 -4.870216
0.022900 -3.343754
0.022950 -1.736915
0.023000 -0.188421
0.023050 1.169686
0.023100 2.220981
0.023150 2.872505
0.023200 3.061033
0.023250 2.757304
0.023300 1.967953
0.023350 0.735001
0.023400 -0.867048
0.023450 -2.736303
0.023500 -4.750436
0.023550 -6.774983
0.023600 -8.672457
0.023650 -10.311629
0.023700 -11.576349
0.023750 -12.373316
0.023800 -12.638274
0.023850 -12.340217
0.023900 -11.483337
0.023950 -10.106605
0.024000 -8.281035
0.024050 -6.104833
0.024100 -3.696803
0.024150 -1.188460
0.024200 1.284582
0.024250 3.591350
0.024300 5.613798
0.024350 7.254068
0.024400 8.440254
0.024450 9.130316
0.024500 9.313905
0.024550 9.012028
0.024600 8.274626
0.024650 7.176293
0.024700 5.810462
0.024750 4.282526
0.024800 2.702381
0.024850 1.176930
0.024900 -0.196917
0.024950 -1.338297
0.025000 -2.187101
0.025050 -2.707050
0.025100 -2.886995
0.025150 -2.740410
0.025200 -2.303194
0.025250 -1.630000
0.025300 -0.789423
0.025350 0.141559
0.025400 1.083471
0.025450 1.960088
0.025500 2.703665
0.025550 3.259273
0.025600 3.587986
0.025650 3.668741
0.025700 3.498805
0.025750 3.092909
0.025800 2.481171
0.025850 1.706059
0.025900 0.818669
0.025950 -0.125348
0.026000 -1.069877
0.026050 -1.962137
0.026100 -2.755906
0.026150 -3.413977
0.026200 -3.909707
0.026250 -4.227619
0.026300 -4.363093
0.026350 -4.321262
0.026400 -4.115287
0.026450 -3.764239
0.026500 -3.290809
0.026550 -2.719101
0.026600 -2.072708
0.026650 -1.373240
0.026700 -0.639415
0.026750 0.113242
0.026800 0.872132
0.026850 1.626818
0.026900 2.367928
0.026950 3.085894
0.027000 3.769733
0.027050 4.406057
0.027100 4.978502
0.027150 5.467681
0.027200 5.851742
0.027250 6.107544
0.027300 6.212352
0.027350 6.145957
0.027400 5.892995
0.027450 5.445251
0.027500 4.803709
0.027550 3.980080
0.027600 2.997616
0.027650 1.891033
0.027700 0.705457
0.027750 -0.505623
0.027800 -1.683312
0.027850 -2.767011
0.027900 -3.698617
0.027950 -4.426912
0.028000 -4.911794
0.028050 -5.127991
0.028100 -5.067920
0.028150 -4.743387
0.028200 -4.185926
0.028250 -3.445644
0.028300 -2.588564
0.028350 -1.692588
0.028400 -0.842298
0.028450 -0.122926
0.028500 0.386080
0.028550 0.617437
0.028600 0.521863
0.028650 0.072891
0.028700 -0.729755
0.028750 -1.858537
0.028800 -3.258460
0.028850 -4.849465
0.028900 -6.530777
0.028950 -8.186984
0.029000 -9.695468
0.029050 -10.934709
0.029100 -11.792891
0.029150 -12.176194
0.029200 -12.016169
0.029250 -11.275625
0.029300 -9.952553
0.029350 -8.081735
0.029400 -5.733860
0.029450 -3.012108
0.029500 -0.046395
0.029550 3.014410
0.029600 6.011784
0.029650 8.787755
0.029700 11.195321
0.029750 13.108357
0.029800 14.430299
0.029850 15.100973
0.029900 15.101056
0.029950 14.453811
0.030000 13.223915
0.030050 11.513425
0.030100 9.455111
0.030150 7.203574
0.030200 4.924750
0.030250 2.784491
0.030300 0.937032
0.030350 -0.485879
0.030400 -1.384399
0.030450 -1.697894
0.030500 -1.409589
0.030550 -0.548214
0.030600 0.813502
0.030650 2.563427
0.030700 4.557406
0.030750 6.628955
0.030800 8.600615
0.030850 10.296193
0.030900 11.553058
0.030950 12.233639
0.031000 12.235336
0.031050 11.498144
0.031100 10.009467
0.031150 7.805757
0.031200 4.970877
0.031250 1.631253
0.031300 -2.051840
0.031350 -5.892363
0.031400 -9.691288
0.031450 -13.249267
0.031500 -16.379361
0.031550 -18.918945
0.031600 -20.740035
0.031650 -21.757304
0.031700 -21.933297
0.031750 -21.280487
0.031800 -19.860049
0.031850 -17.777470
0.031900 -15.175284
0.031950 -12.223450
0.032000 -9.108023
0.032050 -6.018890
0.032100 -3.137387
0.032150 -0.624620
0.032200 1.388737
0.032250 2.810514
0.032300 3.592474
0.032350 3.732768
0.032400 3.275287
0.032450 2.305995
0.032500 0.946521
0.032550 -0.654541
0.032600 -2.332016
0.032650 -3.915511
0.032700 -5.241014
0.032750 -6.161948
0.032800 -6.558986
0.032850 -6.347993
0.032900 -5.485606
0.032950 -3.972136
0.033000 -1.851624
0.033050 0.790895
0.033100 3.834720
0.033150 7.131015
0.033200 10.512040
0.033250 13.801477
0.033300 16.825177
0.033350 19.421659
0.033400 21.451704
0.033450 22.806477
0.033500 23.413695
0.033550 23.241500
0.033600 22.299846
0.033650 20.639364
0.033700 18.347825
0.033750 15.544457
0.033800 12.372515
0.033850 8.990568
0.033900 5.563073
0.033950 2.250787
0.034000 -0.798382
0.034050 -3.457586
0.034100 -5.627817
0.034150 -7.242904
0.034200 -8.272472
0.034250 -8.722725
0.034300 -8.635059
0.034350 -8.082623
0.034400 -7.165073
0.034450 -6.001850
0.034500 -4.724402
0.034550 -3.467813
0.034600 -2.362325
0.034650 -1.525259
0.034700 -1.053764
0.034750 -1.018836
0.034800 -1.460907
0.034850 -2.387256
0.034900 -3.771383
0.034950 -5.554361
0.035000 -7.648096
0.035050 -9.940296
0.035100 -12.300882
0.035150 -14.589468
0.035200 -16.663506
0.035250 -18.386625
0.035300 -19.636708
0.035350 -20.313239
0.035400 -20.343505
0.035450 -19.687289
0.035500 -18.339771
0.035550 -16.332450
0.035600 -13.732014
0.035650 -10.637183
0.035700 -7.173692
0.035750 -3.487655
0.035800 0.262318
0.035850 3.913827
0.035900 7.309719
0.035950 10.306923
0.036000 12.784590
0.036050 14.651018
0.036100 15.848953
0.036150 16.358911
0.036200 16.200303
0.036250 15.430234
0.036300 14.140034
0.036350 12.449668
0.036400 10.500344
0.036450 8.445740
0.036500 6.442351
0.036550 4.639565
0.036600 3.170059
0.036650 2.141142
0.036700 1.627589
0.036750 1.666474
0.036800 2.254333
0.036850 3.346921
0.036900 4.861596
0.036950 6.682239
0.037000 8.666450
0.037050 10.654577
0.037100 12.480049
0.037150 13.980350
0.037200 15.007941
0.037250 15.440413
0.037300 15.189196
0.037350 14.206224
0.037400 12.488087
0.037450 10.077357
0.037500 7.060938
0.037550 3.565521
0.037600 -0.249622
0.037650 -4.202068
0.037700 -8.097306
0.037750 -11.740733
0.037800 -14.949807
0.037850 -17.565555
0.037900 -19.462675
0.037950 -20.557548
0.038000 -20.813614
0.038050 -20.243728
0.038100 -18.909315
0.038150 -16.916366
0.038200 -14.408507
0.038250 -11.557592
0.038300 -8.552434
0.038350 -5.586419
0.038400 -2.844820
0.038450 -0.492672
0.038500 1.335983
0.038550 2.546759
0.038600 3.090895
0.038650 2.968141
0.038700 2.226352
0.038750 0.957821
0.038800 -0.707398
0.038850 -2.610725
0.038900 -4.576207
0.038950 -6.422845
0.039000 -7.977226
0.039050 -9.085618
0.039100 -9.624693
0.039150 -9.510151
0.039200 -8.702656
0.039250 -7.210693
0.039300 -5.090156
0.039350 -2.440718
0.039400 0.600772
0.039450 3.869384
0.039500 7.183057
0.039550 10.354668
0.039600 13.204353
0.039650 15.571278
0.039700 17.324029
0.039750 18.368949
0.039800 18.655864
0.039850 18.180844
0.039900 16.985843
0.039950 15.155279
0.040000 12.809848
0.040050 10.098008
0.040100 7.185777
0.040150 4.245545
0.040200 1.444708
0.040250 -1.065128
0.040300 -3.157610
0.040350 -4.739182
0.040400 -5.754210
0.040450 -6.187403
0.040500 -6.063423
0.040550 -5.443787
0.040600 -4.421331
0.040650 -3.112694
0.040700 -1.649399
0.040750 -0.168170
0.040800 1.198793
0.040850 2.332921
0.040900 3.137147
0.040950 3.542015
0.041000 3.509671
0.041050 3.035520
0.041100 2.147501
0.041150 0.903124
0.041200 -0.615452
0.041250 -2.307887
0.041300 -4.063149
0.041350 -5.767483
0.041400 -7.312248
0.041450 -8.601109
0.041500 -9.556076
0.041550 -10.122032
0.041600 -10.269485
0.041650 -9.995442
0.041700 -9.322422
0.041750 -8.295782
0.041800 -6.979622
0.041850 -5.451644
0.041900 -3.797386
0.041950 -2.104287
0.042000 -0.456004
0.042050 1.072602
0.042100 2.419515
0.042150 3.538409
0.042200 4.400163
0.042250 4.993049
0.042300 5.321671
0.042350 5.404844
0.042400 5.272675
0.042450 4.963129
0.042500 4.518412
0.042550 3.981483
0.042600 3.392949
0.042650 2.788589
0.042700 2.197634
0.042750 1.641880
0.042800 1.135605
0.042850 0.686230
0.042900 0.295534
0.042950 -0.038740
0.043000 -0.321132
0.043050 -0.556765
0.043100 -0.749921
0.043150 -0.903026
0.043200 -1.016171
0.043250 -1.087185
0.043300 -1.112258
0.043350 -1.086996
0.043400 -1.007783
0.043450 -0.873257
0.043500 -0.685701
0.043550 -0.452147
0.043600 -0.185023
0.043650 0.097791
0.043700 0.373584
0.043750 0.616105
0.043800 0.797465
0.043850 0.890520
0.043900 0.871537
0.043950 0.722907
0.044000 0.435648
0.044050 0.011434
0.044100 -0.536084
0.044150 -1.180853
0.044200 -1.885020
0.044250 -2.600584
0.044300 -3.272074
0.044350 -3.840088
0.044400 -4.245487
0.044450 -4.433948
0.044500 -4.360524
0.044550 -3.993869
0.044600 -3.319748
0.044650 -2.343527
0.044700 -1.091375
0.044750 0.389984
0.044800 2.035041
0.044850 3.762754
0.044900 5.481091
0.044950 7.092633
0.045000 8.500835
0.045050 9.616545
0.045100 10.364303
0.045150 10.687956
0.045200 10.555160
0.045250 9.960395
0.045300 8.926231
0.045350 7.502690
0.045400 5.764687
0.045450 3.807683
0.045500 1.741796
0.045550 -0.315254
0.045600 -2.245882
0.045650 -3.940548
0.045700 -5.305273
0.045750 -6.268223
0.045800 -6.784882
0.045850 -6.841417
0.045900 -6.455974
0.045950 -5.677764
0.046000 -4.583972
0.046050 -3.274674
0.046100 -1.866078
0.046150 -0.482541
0.046200 0.752091
0.046250 1.723248
0.046300 2.333863
0.046350 2.511521
0.046400 2.213988
0.046450 1.432740
0.046500 0.194224
0.046550 -1.441266
0.046600 -3.383041
0.046650 -5.515569
0.046700 -7.705792
0.046750 -9.811688
0.046800 -11.691537
0.046850 -13.213254
0.046900 -14.263155
0.046950 -14.753585
0.047000 -14.628866
0.047050 -13.869197
0.047100 -12.492213
0.047150 -10.552123
0.047200 -8.136474
0.047250 -5.360766
0.047300 -2.361274
0.047350 0.713441
0.047400 3.711764
0.047450 6.488405
0.047500 8.913300
0.047550 10.879459
0.047600 12.309272
0.047650 13.158859
0.047700 13.420219
0.047750 13.121061
0.047800 12.322347
0.047850 11.113745
0.047900 9.607316
0.047950 7.929845
0.048000 6.214362
0.048050 4.591373
0.048100 3.180395
0.048150 2.082318
0.048200 1.373066
0.048250 1.098944
0.048300 1.273943
0.048350 1.879133
0.048400 2.864156
0.048450 4.150688
0.048500 5.637628
0.048550 7.207659
0.048600 8.734763
0.048650 10.092202
0.048700 11.160482
0.048750 11.834808
0.048800 12.031600
0.048850 11.693679
0.048900 10.793849
0.048950 9.336680
0.049000 7.358414
0.049050 4.925039
0.049100 2.128649
0.049150 -0.917653
0.049200 -4.086008
0.049250 -7.240842
0.049300 -10.246279
0.049350 -12.973509
0.049400 -15.307697
0.049450 -17.154070
0.049500 -18.442831
0.049550 -19.132676
0.049600 -19.212700
0.049650 -18.702638
0.049700 -17.651424
0.049750 -16.134151
0.049800 -14.247638
0.049850 -12.104819
0.049900 -9.828276
0.049950 -7.543281
0.050000 -5.370698
0.050050 -3.420158
0.050100 -1.783866
0.050150 -0.531391
0.050200 0.294280
0.050250 0.679182
0.050300 0.639152
0.050350 0.218905
0.050400 -0.510593
0.050450 -1.456314
0.050500 -2.508727
0.050550 -3.548421
0.050600 -4.453453
0.050650 -5.106998
0.050700 -5.404875
0.050750 -5.262508
0.050800 -4.620887
0.050850 -3.451165
0.050900 -1.757571
0.050950 0.421595
0.051000 3.014984
0.051050 5.921258
0.051100 9.014062
0.051150 12.148670
0.051200 15.169965
0.051250 17.921296
0.051300 20.253723
0.051350 22.035071
0.051400 23.158257
0.051450 23.548331
0.051500 23.167779
0.051550 22.019677
0.051600 20.148465
0.051650 17.638202
0.051700 14.608348
0.051750 11.207265
0.051800 7.603781
0.051850 3.977317
0.051900 0.507135
0.051950 -2.638591
0.052000 -5.313219
0.052050 -7.400897
0.052100 -8.824005
0.052150 -9.548281
0.052200 -9.585220
0.052250 -8.991540
0.052300 -7.865700
0.052350 -6.341605
0.052400 -4.579896
0.052450 -2.757309
0.052500 -1.054807
0.052550 0.354779
0.052600 1.318762
0.052650 1.715480
0.052700 1.463266
0.052750 0.526903
0.052800 -1.078953
0.052850 -3.289633
0.052900 -5.993703
0.052950 -9.039412
0.053000 -12.243989
0.053050 -15.405197
0.053100 -18.314409
0.053150 -20.770359
0.053200 -22.592648
0.053250 -23.634086
0.053300 -23.791039
0.053350 -23.011045
0.053400 -21.297153
0.053450 -18.708650
0.053500 -15.358085
0.053550 -11.404749
0.053600 -7.045001
0.053650 -2.500070
0.053700 1.997877
0.053750 6.220480
0.053800 9.957759
0.053850 13.031532
0.053900 15.306769
0.053950 16.700111
0.054000 17.184962
0.054050 16.792798
0.054100 15.610601
0.054150 13.774571
0.054200 11.460548
0.054250 8.871781
0.054300 6.224873
0.054350 3.734869
0.054400 1.600491
0.054450 -0.009469
0.054500 -0.967667
0.054550 -1.196852
0.054600 -0.675052
0.054650 0.563048
0.054700 2.428625
0.054750 4.784956
0.054800 7.456925
0.054850 10.243159
0.054900 12.929938
0.054950 15.305923
0.055000 17.176706
0.055050 18.378160
0.055100 18.787715
0.055150 18.332772
0.055200 16.995718
0.055250 14.815206
0.055300 11.883651
0.055350 8.341132
0.055400 4.366137
0.055450 0.163825
0.055500 -4.047395
0.055550 -8.050030
0.055600 -11.641450
0.055650 -14.646681
0.055700 -16.929185
0.055750 -18.398928
0.055800 -19.017244
0.055850 -18.798194
0.055900 -17.806404
0.055950 -16.151588
0.056000 -13.980172
0.056050 -11.464668
0.056100 -8.791536
0.056150 -6.148406
0.056200 -3.711539
0.056250 -1.634368
0.056300 -0.037873
0.056350 0.996586
0.056400 1.431564
0.056450 1.274725
0.056500 0.576928
0.056550 -0.572571
0.056600 -2.053416
0.056650 -3.723359
0.056700 -5.428722
0.056750 -7.015337
0.056800 -8.339233
0.056850 -9.276323
0.056900 -9.730471
0.056950 -9.639444
0.057000 -8.978405
0.057050 -7.760783
0.057100 -6.036558
0.057150 -3.888156
0.057200 -1.424325
0.057250 1.227543
0.057300 3.930044
0.057350 6.544751
0.057400 8.940936
0.057450 11.003450
0.057500 12.639280
0.057550 13.782390
0.057600 14.396622
0.057650 14.476537
0.057700 14.046257
0.057750 13.156487
0.057800 11.880001
0.057850 10.305995
0.057900 8.533729
0.057950 6.665928
0.058000 4.802400
0.058050 3.034265
0.058100 1.439142
0.058150 0.077545
0.058200 -1.009367
0.058250 -1.800644
0.058300 -2.295046
0.058350 -2.509346
0.058400 -2.475652
0.058450 -2.237999
0.058500 -1.848523
0.058550 -1.363488
0.058600 -0.839465
0.058650 -0.329879
0.058700 0.117880
0.058750 0.464660
0.058800 0.681013
0.058850 0.747914
0.058900 0.656793
0.058950 0.408986
0.059000 0.014721
0.059050 -0.508217
0.059100 -1.135995
0.059150 -1.840307
0.059200 -2.589885
0.059250 -3.351899
0.059300 -4.093190
0.059350 -4.781334
0.059400 -5.385551
0.059450 -5.877491
0.059500 -6.231948
0.059550 -6.427541
0.059600 -6.447396
0.059650 -6.279843
0.059700 -5.919122
0.059750 -5.366062
0.059800 -4.628677
0.059850 -3.722608
0.059900 -2.671313
0.059950 -1.505935
0.060000 -0.264755
0.060050 1.007811
0.060100 2.262710
0.060150 3.448205
0.060200 4.512249
0.060250 5.405157
0.060300 6.082441
0.060350 6.507628
0.060400 6.654862
0.060450 6.511091
0.060500 6.077651
0.060550 5.371061
0.060600 4.422944
0.060650 3.278968
0.060700 1.996840
0.060750 0.643406
0.060800 -0.708998
0.060850 -1.986729
0.060900 -3.119323
0.060950 -4.043959
0.061000 -4.709626
0.061050 -5.080669
0.061100 -5.139460
0.061150 -4.887961
0.061200 -4.348041
0.061250 -3.560471
0.061300 -2.582621
0.061350 -1.484979
0.061400 -0.346689
0.061450 0.749607
0.061500 1.723293
0.061550 2.501294
0.061600 3.023212
0.061650 3.245704
0.061700 3.145802
0.061750 2.722917
0.061800 1.999363
0.061850 1.019336
0.061900 -0.153600
0.061950 -1.440391
0.062000 -2.751468
0.062050 -3.992524
0.062100 -5.070692
0.062150 -5.900720
0.062200 -6.410731
0.062250 -6.547170
0.062300 -6.278606
0.062350 -5.598125
0.062400 -4.524152
0.062450 -3.099629
0.062500 -1.389616
0.062550 0.522542
0.062600 2.540231
0.062650 4.559426
0.062700 6.475020
0.062750 8.187200
0.062800 9.607462
0.062850 10.663880
0.062900 11.305292
0.062950 11.504150
0.063000 11.257866
0.063050 10.588586
0.063100 9.541437
0.063150 8.181380
0.063200 6.588889
0.063250 4.854761
0.063300 3.074402
0.063350 1.341953
0.063400 -0.255369
0.063450 -1.642354
0.063500 -2.760026
0.063550 -3.568752
0.063600 -4.050083
0.063650 -4.207247
0.063700 -4.064300
0.063750 -3.664031
0.063800 -3.064786
0.063850 -2.336425
0.063900 -1.555706
0.063950 -0.801358
0.064000 -0.149174
0.064050 0.332619
0.064100 0.587426
0.064150 0.573598
0.064200 0.266809
0.064250 -0.338588
0.064300 -1.229281
0.064350 -2.373767
0.064400 -3.724096
0.064450 -5.218475
0.064500 -6.784565
0.064550 -8.343283
0.064600 -9.812915
0.064650 -11.113319
0.064700 -12.170016
0.064750 -12.917986
0.064800 -13.304982
0.064850 -13.294230
0.064900 -12.866387
0.064950 -12.020684
0.065000 -10.775201
0.065050 -9.166257
0.065100 -7.246947
0.065150 -5.084869
0.065200 -2.759140
0.065250 -0.356817
0.065300 2.031133
0.065350 4.314132
0.065400 6.406374
0.065450 8.231091
0.065500 9.724483
0.065550 10.839102
0.065600 11.546517
0.065650 11.839054
0.065700 11.730515
0.065750 11.255751
0.065800 10.469081
0.065850 9.441556
0.065900 8.257190
0.065950 7.008286
0.066000 5.790103
0.066050 4.695121
0.066100 3.807240
0.066150 3.196240
0.066200 2.912877
0.066250 2.984919
0.066300 3.414459
0.066350 4.176701
0.066400 5.220418
0.066450 6.470102
0.066500 7.829795
0.066550 9.188416
0.066600 10.426338
0.066650 11.422848
0.066700 12.064041
0.066750 12.250672
0.066800 11.905438
0.066850 10.979187
0.066900 9.455605
0.066950 7.353989
0.067000 4.729840
0.067050 1.673147
0.067100 -1.695632
0.067150 -5.231727
0.067200 -8.774026
0.067250 -12.154403
0.067300 -15.207844
0.067350 -17.782726
0.067400 -19.750580
0.067450 -21.014657
0.067500 -21.516706
0.067550 -21.241445
0.067600 -20.218352
0.067650 -18.520588
0.067700 -16.261032
0.067750 -13.585612
0.067800 -10.664322
0.067850 -7.680449
0.067900 -4.818707
0.067950 -2.253051
0.068000 -0.134984
0.068050 1.416840
0.068100 2.324968
0.068150 2.558856
0.068200 2.137482
0.068250 1.128620
0.068300 -0.355244
0.068350 -2.164136
0.068400 -4.120534
0.068450 -6.031380
0.068500 -7.701400
0.068550 -8.946818
0.068600 -9.608543
0.068650 -9.563917
0.068700 -8.736180
0.068750 -7.100968
0.068800 -4.689355
0.068850 -1.587164
0.068900 2.069461
0.068950 6.101977
0.069000 10.300369
0.069050 14.436380
0.069100 18.278169
0.069150 21.605427
0.069200 24.223915
0.069250 25.978441
0.069300 26.763375
0.069350 26.529959
0.069400 25.289899
0.069450 23.114956
0.069500 20.132538
0.069550 16.517573
0.069600 12.481181
0.069650 8.256907
0.069700 4.085444
0.069750 0.198856
0.069800 -3.194598
0.069850 -5.924030
0.069900 -7.866949
0.069950 -8.956987
0.070000 -9.187803
0.070050 -8.612904
0.070100 -7.341392
0.070150 -5.529931
0.070200 -3.371499
0.070250 -1.081681
0.070300 1.116530
0.070350 3.008402
0.070400 4.402518
0.070450 5.144186
0.070500 5.126301
0.070550 4.296907
0.070600 2.662983
0.070650 0.290169
0.070700 -2.701493
0.070750 -6.145520
0.070800 -9.840093
0.070850 -13.561511
0.070900 -17.079092
0.070950 -20.170500
0.071000 -22.636437
0.071050 -24.313741
0.071100 -25.085998
0.071150 -24.890990
0.071200 -23.724493
0.071250 -21.640223
0.071300 -18.745965
0.071350 -15.196191
0.071400 -11.181708
0.071450 -6.917066
0.071500 -2.626597
0.071550 1.469963
0.071600 5.171300
0.071650 8.306885
0.071700 10.747086
0.071750 12.410372
0.071800 13.267220
0.071850 13.340498
0.071900 12.702391
0.071950 11.468145
0.072000 9.787106
0.072050 7.831727
0.072100 5.785316
0.072150 3.829367
0.072200 2.131334
0.072250 0.833655
0.072300 0.044713
0.072350 -0.167697
0.072400 0.219963
0.072450 1.186338
0.072500 2.667556
0.072550 4.562349
0.072600 6.739536
0.072650 9.047287
0.072700 11.323527
0.072750 13.406754
0.072800 15.146551
0.072850 16.413130
0.072900 17.105302
0.072950 17.156421
0.073000 16.537975
0.073050 15.260667
0.073100 13.373018
0.073150 10.957650
0.073200 8.125571
0.073250 5.008899
0.073300 1.752542
0.073350 -1.494621
0.073400 -4.588466
0.073450 -7.397744
0.073500 -9.811105
0.073550 -11.742654
0.073600 -13.135758
0.073650 -13.964960
0.073700 -14.235970
0.073750 -13.983830
0.073800 -13.269448
0.073850 -12.174801
0.073900 -10.797141
0.073950 -9.242615
0.074000 -7.619697
0.074050 -6.032817
0.074100 -4.576551
0.074150 -3.330674
0.074200 -2.356302
0.074250 -1.693293
0.074300 -1.358965
0.074350 -1.348149
0.074400 -1.634487
0.074450 -2.172844
0.074500 -2.902650
0.074550 -3.751942
0.074600 -4.641867
0.074650 -5.491391
0.074700 -6.221958
0.074750 -6.761886
0.074800 -7.050278
0.074850 -7.040284
0.074900 -6.701575
0.074950 -6.021937
0.075000 -5.007933
0.075050 -3.684623
0.075100 -2.094363
0.075150 -0.294759
0.075200 1.644127
0.075250 3.643194
0.075300 5.618173
0.075350 7.483793
0.075400 9.158032
0.075450 10.566265
0.075500 11.645107
0.075550 12.345761
0.075600 12.636685
0.075650 12.505443
0.075700 11.959617
0.075750 11.026699
0.075800 9.752948
0.075850 8.201235
0.075900 6.447953
0.075950 4.579136
0.076000 2.685973
0.076050 0.859943
0.076100 -0.812174
0.076150 -2.253105
0.076200 -3.399459
0.076250 -4.205386
0.076300 -4.645272
0.076350 -4.715310
0.076400 -4.433791
0.076450 -3.840085
0.076500 -2.992320
0.076550 -1.963890
0.076600 -0.838961
0.076650 0.292763
0.076700 1.341690
0.076750 2.224081
0.076800 2.867490
0.076850 3.215576
0.076900 3.231944
0.076950 2.902757
0.077000 2.237929
0.077050 1.270792
0.077100 0.056229
0.077150 -1.332620
0.077200 -2.808889
0.077250 -4.277483
0.077300 -5.641177
0.077350 -6.806933
0.077400 -7.692026
0.077450 -8.229553
0.077500 -8.372976
0.077550 -8.099381
0.077600 -7.411224
0.077650 -6.336446
0.077700 -4.926939
0.077750 -3.255450
0.077800 -1.411130
0.077850 0.505973
0.077900 2.391141
0.077950 4.141483
0.078000 5.662310
0.078050 6.872939
0.078100 7.711563
0.078150 8.138870
0.078200 8.140181
0.078250 7.725976
0.078300 6.930809
0.078350 5.810686
0.078400 4.439123
0.078450 2.902149
0.078500 1.292619
0.078550 -0.295784
0.078600 -1.774440
0.078650 -3.065199
0.078700 -4.104946
0.078750 -4.849058
0.078800 -5.273532
0.078850 -5.375701
0.078900 -5.173528
0.078950 -4.703568
0.079000 -4.017795
0.079050 -3.179525
0.079100 -2.258775
0.079150 -1.327360
0.079200 -0.454093
0.079250 0.299605
0.079300 0.883412
0.079350 1.260907
0.079400 1.411319
0.079450 1.330178
0.079500 1.028871
0.079550 0.533196
0.079600 -0.118923
0.079650 -0.880357
0.079700 -1.698093
0.079750 -2.516717
0.079800 -3.281798
0.079850 -3.942982
0.079900 -4.456612
0.079950 -4.787735
0.080000 -4.911458
0.080050 -4.813600
0.080100 -4.490709
0.080150 -3.949503
0.080200 -3.205856
0.080250 -2.283452
0.080300 -1.212253
0.080350 -0.026897
0.080400 1.234866
0.080450 2.533608
0.080500 3.829489
0.080550 5.083344
0.080600 6.257580
0.080650 7.316949
0.080700 8.229223
0.080750 8.965841
0.080800 9.502561
0.080850 9.820167
0.080900 9.905212
0.080950 9.750803
0.081000 9.357361
0.081050 8.733282
0.081100 7.895412
0.081150 6.869218
0.081200 5.688567
0.081250 4.395011
0.081300 3.036539
0.081350 1.665753
0.081400 0.337528
0.081450 -0.893780
0.081500 -1.977440
0.081550 -2.869564
0.081600 -3.536241
0.081650 -3.956329
0.081700 -4.123661
0.081750 -4.048444
0.081800 -3.757667
0.081850 -3.294371
0.081900 -2.715744
0.081950 -2.090068
0.082000 -1.492636
0.082050 -1.000853
0.082100 -0.688810
0.082150 -0.621697
0.082200 -0.850427
0.082250 -1.406901
0.082300 -2.300289
0.082350 -3.514664
0.082400 -5.008268
0.082450 -6.714550
0.082500 -8.545020
0.082550 -10.393839
0.082600 -12.143893
0.082650 -13.674032
0.082700 -14.867008
0.082750 -15.617588
0.082800 -15.840292
0.082850 -15.476166
0.082900 -14.498096
0.082950 -12.914204
0.083000 -10.768998
0.083050 -8.142118
0.083100 -5.144643
0.083150 -1.913134
0.083200 1.398267
0.083250 4.627201
0.083300 7.613323
0.083350 10.208715
0.083400 12.287767
0.083450 13.755823
0.083500 14.555948
0.083550 14.673301
0.083600 14.136740
0.083650 13.017471
0.083700 11.424758
0.083750 9.498929
0.083800 7.402087
0.083850 5.307137
0.083900 3.385837
0.083950 1.796702
0.084000 0.673604
0.084050 0.115860
0.084100 0.180556
0.084150 0.877674
0.084200 2.168425
0.084250 3.966955
0.084300 6.145392
0.084350 8.541910
0.084400 10.971341
0.084450 13.237609
0.084500 15.147172
0.084550 16.522544
0.084600 17.214977
0.084650 17.115389
0.084700 16.162775
0.084750 14.349484
0.084800 11.722941
0.084850 8.383663
0.084900 4.479657
0.084950 0.197543
0.085000 -4.249035
0.085050 -8.632929
0.085100 -12.728040
0.085150 -16.323930
0.085200 -19.239475
0.085250 -21.334652
0.085300 -22.519620
0.085350 -22.760492
0.085400 -22.081365
0.085450 -20.562489
0.085500 -18.334663
0.085550 -15.570249
0.085600 -12.471414
0.085650 -9.256385
0.085700 -6.144667
0.085750 -3.342222
0.085800 -1.027631
0.085850 0.659840
0.085900 1.629437
0.085950 1.844778
0.086000 1.325975
0.086050 0.147880
0.086100 -1.565395
0.086150 -3.649316
0.086200 -5.910502
0.086250 -8.140229
0.086300 -10.128958
0.086350 -11.680875
0.086400 -12.627469
0.086450 -12.839236
0.086500 -12.234714
0.086550 -10.786275
0.086600 -8.522288
0.086650 -5.525538
0.086700 -1.928035
0.086750 2.097418
0.086800 6.348306
0.086850 10.605369
0.086900 14.646580
0.086950 18.261201
0.087000 21.262981
0.087050 23.501638
0.087100 24.871892
0.087150 25.319490
0.087200 24.843869
0.087250 23.497328
0.087300 21.380831
0.087350 18.636758
0.087400 15.439142
0.087450 11.982057
0.087500 8.466973
0.087550 5.089895
0.087600 2.029143
0.087650 -0.565457
0.087700 -2.581289
0.087750 -3.949065
0.087800 -4.645995
0.087850 -4.695876
0.087900 -4.166171
0.087950 -3.162324
0.088000 -1.819759
0.088050 -0.294120
0.088100 1.249569
0.088150 2.648107
0.088200 3.750956
0.088250 4.430035
0.088300 4.587870
0.088350 4.163624
0.088400 3.136681
0.088450 1.527611
0.088500 -0.603467
0.088550 -3.160974
0.088600 -6.020076
0.088650 -9.034593
0.088700 -12.046067
0.088750 -14.893406
0.088800 -17.422517
0.088850 -19.495334
0.088900 -20.997721
0.088950 -21.845810
0.089000 -21.990432
0.089050 -21.419444
0.089100 -20.157859
0.089150 -18.265839
0.089200 -15.834728
0.089250 -12.981392
0.089300 -9.841259
0.089350 -6.560473
0.089400 -3.287633
0.089450 -0.165608
0.089500 2.676131
0.089550 5.128236
0.089600 7.106921
0.089650 8.557833
0.089700 9.458195
0.089750 9.817122
0.089800 9.674159
0.089850 9.096131
0.089900 8.172533
0.089950 7.009724
0.090000 5.724279
0.090050 4.435855
0.090100 3.259991
0.090150 2.301228
0.090200 1.646913
0.090250 1.362050
0.090300 1.485451
0.090350 2.027413
0.090400 2.969038
0.090450 4.263241
0.090500 5.837401
0.090550 7.597500
0.090600 9.433541
0.090650 11.225955
0.090700 12.852628
0.090750 14.196176
0.090800 15.151050
0.090850 15.630055
0.090900 15.569916
0.090950 14.935542
0.091000 13.722726
0.091050 11.959085
0.091100 9.703166
0.091150 7.041728
0.091200 4.085321
0.091250 0.962397
0.091300 -2.187736
0.091350 -5.222712
0.091400 -8.005210
0.091450 -10.410880
0.091500 -12.335611
0.091550 -13.701689
0.091600 -14.462449
0.091650 -14.605114
0.091700 -14.151608
0.091750 -13.157266
0.091800 -11.707494
0.091850 -9.912535
0.091900 -7.900666
0.091950 -5.810217
0.092000 -3.780901
0.092050 -1.945004
0.092100 -0.418991
0.092150 0.703926
0.092200 1.359779
0.092250 1.517967
0.092300 1.183248
0.092350 0.395430
0.092400 -0.773231
0.092450 -2.222796
0.092500 -3.832252
0.092550 -5.467577
0.092600 -6.990718
0.092650 -8.268904
0.092700 -9.183684
0.092750 -9.639075
0.092800 -9.568284
0.092850 -8.938527
0.092900 -7.753636
0.092950 -6.054239
0.093000 -3.915500
0.093050 -1.442561
0.093100 1.236029
0.093150 3.976471
0.093200 6.628899
0.093250 9.046995
0.093300 11.097395
0.093350 12.668235
0.093400 13.676292
0.093450 14.072223
0.093500 13.843569
0.093550 13.015314
0.093600 11.647997
0.093650 9.833484
0.093700 7.688727
0.093750 5.347930
0.093800 2.953668
0.093850 0.647566
0.093900 -1.438830
0.093950 -3.192366
0.094000 -4.525235
0.094050 -5.380114
0.094100 -5.733165
0.094150 -5.594717
0.094200 -5.007639
0.094250 -4.043544
0.094300 -2.797125
0.094350 -1.379047
0.094400 0.092073
0.094450 1.498052
0.094500 2.729275
0.094550 3.692041
0.094600 4.314624
0.094650 4.551650
0.094700 4.386543
0.094750 3.831902
0.094800 2.927853
0.094850 1.738535
0.094900 0.347028
0.094950 -1.150884
0.095000 -2.653636
0.095050 -4.060985
0.095100 -5.280790
0.095150 -6.235007
0.095200 -6.864493
0.095250 -7.132336
0.095300 -7.025537
0.095350 -6.554968
0.095400 -5.753717
0.095450 -4.673971
0.095500 -3.382759
0.095550 -1.956887
0.095600 -0.477481
0.095650 0.975455
0.095700 2.328075
0.095750 3.516976
0.095800 4.492484
0.095850 5.220740
0.095900 5.684534
0.095950 5.882904
0.096000 5.829623
0.096050 5.550778
0.096100 5.081699
0.096150 4.463535
0.096200 3.739776
0.096250 2.953014
0.096300 2.142188
0.096350 1.340490
0.096400 0.574055
0.096450 -0.138537
0.096500 -0.785984
0.096550 -1.363332
0.096600 -1.870555
0.096650 -2.310850
0.096700 -2.688870
0.096750 -3.009113
0.096800 -3.274646
0.096850 -3.486307
0.096900 -3.642471
0.096950 -3.739382
0.097000 -3.772015
0.097050 -3.735329
0.097100 -3.625774
0.097150 -3.442831
0.097200 -3.190383
0.097250 -2.877724
0.097300 -2.520022
0.097350 -2.138126
0.097400 -1.757660
0.097450 -1.407417
0.097500 -1.117150
0.097550 -0.914919
0.097600 -0.824226
0.097650 -0.861177
0.097700 -1.031980
0.097750 -1.331027
0.097800 -1.739806
0.097850 -2.226837
0.097900 -2.748713
0.097950 -3.252291
0.098000 -3.677918
0.098050 -3.963530
0.098100 -4.049353
0.098150 -3.882863
0.098200 -3.423626
0.098250 -2.647619
0.098300 -1.550647
0.098350 -0.150527
0.098400 1.512227
0.098450 3.375356
0.098500 5.357495
0.098550 7.362384
0.098600 9.284443
0.098650 11.015366
0.098700 12.451288
0.098750 13.500043
0.098800 14.087967
0.098850 14.165729
0.098900 13.712733
0.098950 12.739679
0.099000 11.289052
0.099050 9.433399
0.099100 7.271439
0.099150 4.922207
0.099200 2.517585
0.099250 0.193705
0.099300 -1.918216
0.099350 -3.700937
0.099400 -5.059527
0.099450 -5.928346
0.099500 -6.276130
0.099550 -6.108772
0.099600 -5.469547
0.099650 -4.436680
0.099700 -3.118394
0.099750 -1.645703
0.099800 -0.163430
0.099850 1.179962
0.099900 2.243027
0.099950 2.901732
0.100000 -0.000000
0.100050 0.000000
0.100100 -0.000000
0.100150 -0.000000
0.100200 0.000000
0.100250 0.000000
0.100300 0.000000
0.100350 -0.000000
0.100400 0.000000
0.100450 0.000000
0.100500 0.000000
0.100550 0.000000
0.100600 -0.000000
0.100650 0.000000
0.100700 -0.000000
0.100750 0.000000
0.100800 -0.000000
0.100850 -0.000000
0.100900 -0.000000
0.100950 0.000000
0.101000 -0.000000
0.101050 0.000000
0.101100 -0.000000
0.101150 -0.000000
0.101200 -0.000000
0.101250 -0.000000
0.101300 0.000000
0.101350 -0.000000
0.101400 -0.000000
0.101450 -0.000000
0.101500 0.000000
0.101550 -0.000000
0.101600 -0.000000
0.101650 -0.000000
0.101700 -0.000000
0.101750 0.000000
0.101800 0.000000
0.101850 0.000000
0.101900 -0.000000
0.101950 0.000000
0.102000 0.000000
0.102050 0.000000
0.102100 -0.000000
0.102150 -0.000000
0.102200 -0.000000
0.102250 0.000000
0.102300 -0.000000
0.102350 0.000000
