2048
0.000000 0.000000
0.000050 5.932237
0.000100 11.538729
0.000150 16.517859
0.000200 20.614276
0.000250 23.637211
0.000300 25.473489
0.000350 26.094198
0.000400 25.554513
0.000450 23.986785
0.000500 21.587548
0.000550 18.599637
0.000600 15.290992
0.000650 11.932017
0.000700 8.773437
0.000750 6.026559
0.000800 3.847587
0.000850 2.327259
0.000900 1.486626
0.000950 1.279188
0.001000 1.599076
0.001050 2.294414
0.001100 3.184548
0.001150 4.079491
0.001200 4.799760
0.001250 5.194763
0.001300 5.158031
0.001350 4.637914
0.001400 3.642774
0.001450 2.240220
0.001500 0.550491
0.001550 -1.265385
0.001600 -3.021514
0.001650 -4.525659
0.001700 -5.598606
0.001750 -6.092562
0.001800 -5.906826
0.001850 -4.999259
0.001900 -3.392403
0.001950 -1.173653
0.002000 1.510648
0.002050 4.466699
0.002100 7.469357
0.002150 10.281459
0.002200 12.674652
0.002250 14.449847
0.002300 15.455471
0.002350 15.601824
0.002400 14.870213
0.002450 13.315980
0.002500 11.065070
0.002550 8.304353
0.002600 5.266492
0.002650 2.210604
0.002700 -0.599631
0.002750 -2.918531
0.002800 -4.539690
0.002850 -5.314105
0.002900 -5.163576
0.002950 -4.088160
0.003000 -2.167016
0.003050 0.447477
0.003100 3.541865
0.003150 6.859001
0.003200 10.119208
0.003250 13.043415
0.003300 15.376296
0.003350 16.907442
0.003400 17.488766
0.003450 17.046652
0.003500 15.587853
0.003550 13.198622
0.003600 10.037220
0.003650 6.320449
0.003700 2.305406
0.003750 -1.731940
0.003800 -5.519506
0.003850 -8.811206
0.003900 -11.406550
0.003950 -13.166050
0.004000 -14.021177
0.004050 -13.978069
0.004100 -13.114762
0.004150 -11.572278
0.004200 -9.540447
0.004250 -7.239796
0.004300 -4.901160
0.004350 -2.744884
0.004400 -0.961459
0.004450 0.304664
0.004500 0.966688
0.004550 1.001503
0.004600 0.449687
0.004650 -0.590482
0.004700 -1.974338
0.004750 -3.526396
0.004800 -5.058657
0.004850 -6.389926
0.004900 -7.364320
0.004950 -7.867214
0.005000 -7.837119
0.005050 -7.272362
0.005100 -6.231915
0.005150 -4.830262
0.005200 -3.226738
0.005250 -1.610303
0.005300 -0.181125
0.005350 0.869334
0.005400 1.377888
0.005450 1.227029
0.005500 0.358493
0.005550 -1.218312
0.005600 -3.423904
0.005650 -6.112687
0.005700 -9.083038
0.005750 -12.092752
0.005800 -14.878567
0.005850 -17.178128
0.005900 -18.752505
0.005950 -19.407309
0.006000 -19.010550
0.006050 -17.505655
0.006100 -14.918444
0.006150 -11.357400
0.006200 -7.007132
0.006250 -2.115499
0.006300 3.024564
0.006350 8.097029
0.006400 12.786774
0.006450 16.803576
0.006500 19.904134
0.006550 21.910276
0.006600 22.721866
0.006650 22.323359
0.006700 20.783520
0.006750 18.248377
0.006800 14.928083
0.006850 11.078857
0.006900 6.981593
0.006950 2.918999
0.007000 -0.846784
0.007050 -4.094170
0.007100 -6.658064
0.007150 -8.440463
0.007200 -9.414890
0.007250 -9.624438
0.007300 -9.173716
0.007350 -8.215556
0.007400 -6.933794
0.007450 -5.523762
0.007500 -4.172320
0.007550 -3.039286
0.007600 -2.241950
0.007650 -1.844100
0.007700 -1.850512
0.007750 -2.207389
0.007800 -2.808662
0.007850 -3.507519
0.007900 -4.132062
0.007950 -4.503597
0.008000 -4.455817
0.008050 -3.853069
0.008100 -2.605941
0.008150 -0.682686
0.008200 1.884648
0.008250 5.000039
0.008300 8.509349
0.008350 12.211779
0.008400 15.875951
0.008450 19.259218
0.008500 22.128499
0.008550 24.280774
0.008600 25.561390
0.008650 25.878506
0.008700 25.212325
0.008750 23.618229
0.008800 21.223443
0.008850 18.217452
0.008900 14.836925
0.008950 11.346404
0.009000 8.016397
0.009050 5.100761
0.009100 2.815313
0.009150 1.319551
0.009200 0.703077
0.009250 0.977912
0.009300 2.077424
0.009350 3.861965
0.009400 6.130768
0.009450 8.639116
0.009500 11.119290
0.009550 13.303537
0.009600 14.947068
0.009650 15.849123
0.009700 15.870302
0.009750 14.944670
0.009800 13.085617
0.009850 10.384988
0.009900 7.005572
0.009950 3.167621
0.010000 -0.869410
0.010050 -4.828327
0.010100 -8.436999
0.010150 -11.450529
0.010200 -13.670914
0.010250 -14.962517
0.010300 -15.262082
0.010350 -14.582471
0.010400 -13.009901
0.010450 -10.695000
0.010500 -7.838547
0.010550 -4.673227
0.010600 -1.443068
0.010650 1.617600
0.010700 4.303779
0.010750 6.456298
0.010800 7.973760
0.010850 8.818914
0.010900 9.018978
0.010950 8.659962
0.011000 7.875619
0.011050 6.832093
0.011100 5.709772
0.011150 4.684054
0.011200 3.906877
0.011250 3.490730
0.011300 3.496687
0.011350 3.927589
0.011400 4.727047
0.011450 5.784388
0.011500 6.945120
0.011550 8.025975
0.011600 8.833157
0.011650 9.182118
0.011700 8.917020
0.011750 7.928062
0.011800 6.165005
0.011850 3.645586
0.011900 0.457917
0.011950 -3.243454
0.012000 -7.247628
0.012050 -11.302793
0.012100 -15.135775
0.012150 -18.474044
0.012200 -21.068310
0.012250 -22.713748
0.012300 -23.267996
0.012350 -22.664332
0.012400 -20.918833
0.012450 -18.130826
0.012500 -14.476537
0.012550 -10.196381
0.012600 -5.576944
0.012650 -0.929099
0.012700 3.435902
0.012750 7.230384
0.012800 10.212270
0.012850 12.203322
0.012900 13.102104
0.012950 12.890626
0.013000 11.634151
0.013050 9.474248
0.013100 6.615744
0.013150 3.308745
0.013200 -0.172691
0.013250 -3.553376
0.013300 -6.579343
0.013350 -9.037823
0.013400 -10.773179
0.013450 -11.697489
0.013500 -11.794977
0.013550 -11.120010
0.013600 -9.788975
0.013650 -7.966890
0.013700 -5.850034
0.013750 -3.646253
0.013800 -1.554772
0.013850 0.252641
0.013900 1.647435
0.013950 2.555550
0.014000 2.963215
0.014050 2.916782
0.014100 2.516668
0.014150 1.906013
0.014200 1.255163
0.014250 0.743449
0.014300 0.539998
0.014350 0.785397
0.014400 1.575967
0.014450 2.952135
0.014500 4.892065
0.014550 7.311193
0.014600 10.067788
0.014650 12.974101
0.014700 15.812153
0.014750 18.352775
0.014800 20.376203
0.014850 21.692370
0.014900 22.159057
0.014950 21.696213
0.015000 20.295109
0.015050 18.021417
0.015100 15.011849
0.015150 11.464548
0.015200 7.623998
0.015250 3.761693
0.015300 0.154197
0.015350 -2.939529
0.015400 -5.299571
0.015450 -6.763427
0.015500 -7.239675
0.015550 -6.715743
0.015600 -5.259077
0.015650 -3.011569
0.015700 -0.177700
0.015750 2.992599
0.015800 6.224938
0.015850 9.243492
0.015900 11.794117
0.015950 13.665562
0.016000 14.706990
0.016050 14.840293
0.016100 14.066190
0.016150 12.463582
0.016200 10.182281
0.016250 7.429744
0.016300 4.452997
0.016350 1.517334
0.016400 -1.116357
0.016450 -3.213684
0.016500 -4.586347
0.016550 -5.107585
0.016600 -4.722177
0.016650 -3.450179
0.016700 -1.384165
0.016750 1.319731
0.016800 4.456097
0.016850 7.788529
0.016900 11.070275
0.016950 14.065356
0.017000 16.568313
0.017050 18.420830
0.017100 19.523798
0.017150 19.843800
0.017200 19.413522
0.017250 18.326136
0.017300 16.724250
0.017350 14.784515
0.017400 12.699367
0.017450 10.657627
0.017500 8.825801
0.017550 7.331808
0.017600 6.252692
0.017650 5.607452
0.017700 5.355671
0.017750 5.402102
0.017800 5.606781
0.017850 5.799757
0.017900 5.799074
0.017950 5.430327
0.018000 4.545983
0.018050 3.042612
0.018100 0.874395
0.018150 -1.938440
0.018200 -5.307128
0.018250 -9.078197
0.018300 -13.043405
0.018350 -16.955026
0.018400 -20.545233
0.018450 -23.547956
0.018500 -25.721332
0.018550 -26.868809
0.018600 -26.857032
0.018650 -25.628933
0.018700 -23.210804
0.018750 -19.712681
0.018800 -15.321909
0.018850 -10.290354
0.018900 -4.916277
0.018950 0.477662
0.019000 5.568455
0.019050 10.056868
0.019100 13.689640
0.019150 16.277917
0.019200 17.710418
0.019250 17.960267
0.019300 17.084984
0.019350 15.219689
0.019400 12.564174
0.019450 9.365001
0.019500 5.894205
0.019550 2.426457
0.019600 -0.783349
0.019650 -3.520174
0.019700 -5.624909
0.019750 -7.005116
0.019800 -7.639625
0.019850 -7.576700
0.019900 -6.926080
0.019950 -5.845717
0.020000 -4.524512
0.020050 -3.162698
0.020100 -1.951679
0.020150 -1.055205
0.020200 -0.593586
0.020250 -0.632376
0.020300 -1.176536
0.020350 -2.170550
0.020400 -3.504465
0.020450 -5.025233
0.020500 -6.552273
0.020550 -7.895773
0.020600 -8.876013
0.020650 -9.341863
0.020700 -9.186736
0.020750 -8.360445
0.020800 -6.875835
0.020850 -4.809511
0.020900 -2.296530
0.020950 0.480522
0.021000 3.307127
0.021050 5.955739
0.021100 8.206292
0.021150 9.866477
0.021200 10.789930
0.021250 10.890659
0.021300 10.152347
0.021350 8.631626
0.021400 6.454942
0.021450 3.809190
0.021500 0.926875
0.021550 -1.932984
0.021600 -4.506567
0.021650 -6.547722
0.021700 -7.849242
0.021750 -8.261084
0.021800 -7.703924
0.021850 -6.176835
0.021900 -3.758379
0.021950 -0.600972
0.022000 3.081032
0.022050 7.028554
0.022100 10.958850
0.022150 14.588629
0.022200 17.657265
0.022250 19.948129
0.022300 21.306220
0.022350 21.650605
0.022400 20.980614
0.022450 19.375298
0.022500 16.986201
0.022550 14.024125
0.022600 10.741033
0.022650 7.408675
0.022700 4.295803
0.022750 1.645918
0.022800 -0.342528
0.022850 -1.531807
0.022900 -1.855162
0.022950 -1.320810
0.023000 -0.009424
0.023050 1.934589
0.023100 4.317163
0.023150 6.912704
0.023200 9.484596
0.023250 11.806255
0.023300 13.680836
0.023350 14.957848
0.023400 15.545254
0.023450 15.416001
0.023500 14.608482
0.023550 13.220963
0.023600 11.400571
0.023650 9.327904
0.023700 7.198745
0.023750 5.204613
0.023800 3.513959
0.023850 2.255789
0.023900 1.507226
0.023950 1.286196
0.024000 1.549914
0.024050 2.199337
0.024100 3.089184
0.024150 4.042604
0.024200 4.869153
0.024250 5.384410
0.024300 5.429398
0.024350 4.887993
0.024400 3.700653
0.024450 1.873126
0.024500 -0.520763
0.024550 -3.342618
0.024600 -6.399083
0.024650 -9.456809
0.024700 -12.261548
0.024750 -14.559740
0.024800 -16.120752
0.024850 -16.757799
0.024900 -16.345716
0.024950 -14.833957
0.025000 -12.253640
0.025050 -8.717926
0.025100 -4.415610
0.025150 0.401620
0.025200 5.437254
0.025250 10.371892
0.025300 14.887241
0.025350 18.690176
0.025400 21.534883
0.025450 23.241244
0.025500 23.707943
0.025550 22.919229
0.025600 20.944826
0.025650 17.933021
0.025700 14.097605
0.025750 9.699795
0.025800 5.026732
0.025850 0.368407
0.025900 -4.005025
0.025950 -7.863612
0.026000 -11.033972
0.026050 -13.410339
0.026100 -14.959442
0.026150 -15.718924
0.026200 -15.789597
0.026250 -15.322343
0.026300 -14.500953
0.026350 -13.522550
0.026400 -12.577402
0.026450 -11.830012
0.026500 -11.403196
0.026550 -11.366582
0.026600 -11.730557
0.026650 -12.446162
0.026700 -13.410895
0.026750 -14.479835
0.026800 -15.481005
0.026850 -16.233516
0.026900 -16.566753
0.026950 -16.338799
0.027000 -15.452328
0.027050 -13.866451
0.027100 -11.603355
0.027150 -8.749052
0.027200 -5.448093
0.027250 -1.892659
0.027300 1.693043
0.027350 5.071716
0.027400 8.013554
0.027450 10.316624
0.027500 11.825195
0.027550 12.444338
0.027600 12.149425
0.027650 10.989612
0.027700 9.084913
0.027750 6.617028
0.027800 3.814683
0.027850 0.934666
0.027900 -1.759787
0.027950 -4.021417
0.028000 -5.640231
0.028050 -6.461772
0.028100 -6.400781
0.028150 -5.449016
0.028200 -3.676521
0.028250 -1.226174
0.028300 1.698019
0.028350 4.847948
0.028400 7.952264
0.028450 10.739332
0.028500 12.960293
0.028550 14.410265
0.028600 14.945876
0.028650 14.497606
0.028700 13.075911
0.028750 10.770598
0.028800 7.743527
0.028850 4.215279
0.028900 0.446958
0.028950 -3.281299
0.029000 -6.693253
0.029050 -9.538967
0.029100 -11.614764
0.029150 -12.779070
0.029200 -12.962814
0.029250 -12.173560
0.029300 -10.493101
0.029350 -8.068791
0.029400 -5.099478
0.029450 -1.817338
0.029500 1.532748
0.029550 4.714398
0.029600 7.519653
0.029650 9.785856
0.029700 11.408027
0.029750 12.345710
0.029800 12.623738
0.029850 12.326966
0.029900 11.589521
0.029950 10.579652
0.030000 9.481633
0.030050 8.476440
0.030100 7.723036
0.030150 7.342019
0.030200 7.403166
0.030250 7.918070
0.030300 8.838544
0.030350 10.060986
0.030400 11.436305
0.030450 12.784515
0.030500 13.912655
0.030550 14.634370
0.030600 14.789346
0.030650 14.260748
0.030700 12.989019
0.030750 10.980673
0.030800 8.311186
0.030850 5.121587
0.030900 1.608947
0.030950 -1.988521
0.031000 -5.410508
0.031050 -8.396202
0.031100 -10.706558
0.031150 -12.145313
0.031200 -12.576881
0.031250 -11.939523
0.031300 -10.252592
0.031350 -7.617129
0.031400 -4.209687
0.031450 -0.269819
0.031500 3.917777
0.031550 8.044990
0.031600 11.804121
0.031650 14.911812
0.031700 17.131073
0.031750 18.289599
0.031800 18.292820
0.031850 17.130641
0.031900 14.877329
0.031950 11.684599
0.032000 7.768535
0.032050 3.391496
0.032100 -1.159413
0.032150 -5.595460
0.032200 -9.649019
0.032250 -13.093994
0.032300 -15.762238
0.032350 -17.554641
0.032400 -18.446024
0.032450 -18.483557
0.032500 -17.778953
0.032550 -16.495277
0.032600 -14.829634
0.032650 -12.993388
0.032700 -11.191725
0.032750 -9.604447
0.032800 -8.369722
0.032850 -7.572230
0.032900 -7.236758
0.032950 -7.327744
0.033000 -7.754763
0.033050 -8.383371
0.033100 -9.050239
0.033150 -9.581132
0.033200 -9.810003
0.033250 -9.597384
0.033300 -8.846322
0.033350 -7.514327
0.033400 -5.620156
0.033450 -3.244754
0.033500 -0.526181
0.033550 2.351075
0.033600 5.171486
0.033650 7.707209
0.033700 9.738490
0.033750 11.073894
0.033800 11.568513
0.033850 11.138475
0.033900 9.770381
0.033950 7.524744
0.034000 4.533024
0.034050 0.988430
0.034100 -2.868795
0.034150 -6.770381
0.034200 -10.441741
0.034250 -13.624497
0.034300 -16.097903
0.034350 -17.697279
0.034400 -18.327844
0.034450 -17.972728
0.034500 -16.694420
0.034550 -14.629505
0.034600 -11.977101
0.034650 -8.981974
0.034700 -5.913745
0.034750 -3.043991
0.034800 -0.623175
0.034850 1.140610
0.034900 2.099257
0.034950 2.177119
0.035000 1.377285
0.035050 -0.218877
0.035100 -2.458841
0.035150 -5.132080
0.035200 -7.988108
0.035250 -10.757829
0.035300 -13.176345
0.035350 -15.005265
0.035400 -16.052585
0.035450 -16.188469
0.035500 -15.355597
0.035550 -13.573246
0.035600 -10.934811
0.035650 -7.599071
0.035700 -3.776013
0.035750 0.291466
0.035800 4.348335
0.035850 8.148828
0.035900 11.476570
0.035950 14.161676
0.036000 16.093356
0.036050 17.226967
0.036100 17.584975
0.036150 17.251831
0.036200 16.363325
0.036250 15.091476
0.036300 13.626412
0.036350 12.156951
0.036400 10.851727
0.036450 9.842611
0.036500 9.211986
0.036550 8.985060
0.036600 9.127938
0.036650 9.551632
0.036700 10.121647
0.036750 10.672256
0.036800 11.024127
0.036850 11.003676
0.036900 10.462301
0.036950 9.293693
0.037000 7.447551
0.037050 4.938340
0.037100 1.848189
0.037150 -1.676479
0.037200 -5.434403
0.037250 -9.184316
0.037300 -12.663927
0.037350 -15.611457
0.037400 -17.787870
0.037450 -18.997864
0.037500 -19.107756
0.037550 -18.058669
0.037600 -15.873786
0.037650 -12.658970
0.037700 -8.596599
0.037750 -3.933051
0.037800 1.039175
0.037850 6.003251
0.037900 10.641929
0.037950 14.661584
0.038000 17.814405
0.038050 19.916878
0.038100 20.863035
0.038150 20.631403
0.038200 19.285090
0.038250 16.965065
0.038300 13.877251
0.038350 10.274579
0.038400 6.435556
0.038450 2.641225
0.038500 -0.847538
0.038550 -3.810445
0.038600 -6.084246
0.038650 -7.573858
0.038700 -8.257323
0.038750 -8.184269
0.038800 -7.468153
0.038850 -6.273091
0.038900 -4.796545
0.038950 -3.249511
0.039000 -1.836023
0.039050 -0.733867
0.039100 -0.078225
0.039150 0.050279
0.039200 -0.367907
0.039250 -1.290728
0.039300 -2.619941
0.039350 -4.211949
0.039400 -5.892966
0.039450 -7.477087
0.039500 -8.785519
0.039550 -9.665186
0.039600 -10.004908
0.039650 -9.747646
0.039700 -8.897607
0.039750 -7.521521
0.039800 -5.743903
0.039850 -3.736677
0.039900 -1.704081
0.039950 0.135825
0.040000 1.571379
0.040050 2.417411
0.040100 2.533401
0.040150 1.837971
0.040200 0.318380
0.040250 -1.965946
0.040300 -4.886246
0.040350 -8.253470
0.040400 -11.832823
0.040450 -15.362618
0.040500 -18.575811
0.040550 -21.222401
0.040600 -23.090719
0.040650 -24.025762
0.040700 -23.942942
0.040750 -22.836018
0.040800 -20.778487
0.040850 -17.918245
0.040900 -14.465954
0.040950 -10.678062
0.041000 -6.835903
0.041050 -3.222662
0.041100 -0.100141
0.041150 2.312662
0.041200 3.857374
0.041250 4.448920
0.041300 4.081989
0.041350 2.830774
0.041400 0.842007
0.041450 -1.678073
0.041500 -4.481666
0.041550 -7.300723
0.041600 -9.869763
0.041650 -11.948232
0.041700 -13.340486
0.041750 -13.911706
0.041800 -13.598406
0.041850 -12.412693
0.041900 -10.439973
0.041950 -7.830384
0.042000 -4.784787
0.042050 -1.536593
0.042100 1.668903
0.042150 4.595852
0.042200 7.037930
0.042250 8.835421
0.042300 9.887818
0.042350 10.160875
0.042400 9.687567
0.042450 8.562952
0.042500 6.933480
0.042550 4.981809
0.042600 2.908565
0.042650 0.912779
0.042700 -0.827187
0.042750 -2.170437
0.042800 -3.026512
0.042850 -3.363330
0.042900 -3.209369
0.042950 -2.649883
0.043000 -1.817519
0.043050 -0.878194
0.043100 -0.013557
0.043150 0.598326
0.043200 0.802251
0.043250 0.483296
0.043300 -0.419301
0.043350 -1.903152
0.043400 -3.899550
0.043450 -6.276536
0.043500 -8.848040
0.043550 -11.388385
0.043600 -13.650962
0.043650 -15.389478
0.043700 -16.379924
0.043750 -16.441351
0.043800 -15.453574
0.043850 -13.370213
0.043900 -10.225841
0.043950 -6.136529
0.044000 -1.293624
0.044050 4.048812
0.044100 9.591907
0.044150 15.013809
0.044200 19.993622
0.044250 24.235497
0.044300 27.490860
0.044350 29.576932
0.044400 30.390023
0.044450 29.912494
0.044500 28.212851
0.044550 25.438999
0.044600 21.805269
0.044650 17.574370
0.044700 13.035815
0.044750 8.482693
0.044800 4.188739
0.044850 0.387657
0.044900 -2.743612
0.044950 -5.096308
0.045000 -6.635096
0.045050 -7.396802
0.045100 -7.482902
0.045150 -7.046549
0.045200 -6.275426
0.045250 -5.372033
0.045300 -4.533245
0.045350 -3.931022
0.045400 -3.696008
0.045450 -3.905495
0.045500 -4.576797
0.045550 -5.666590
0.045600 -7.076217
0.045650 -8.662404
0.045700 -10.252341
0.045750 -11.661687
0.045800 -12.713788
0.045850 -13.258280
0.045900 -13.187317
0.045950 -12.447879
0.046000 -11.048959
0.046050 -9.062923
0.046100 -6.620849
0.046150 -3.902210
0.046200 -1.119795
0.046250 1.498798
0.046300 3.731444
0.046350 5.381713
0.046400 6.297177
0.046450 6.384125
0.046500 5.617293
0.046550 4.043665
0.046600 1.779920
0.046650 -0.996332
0.046700 -4.060842
0.046750 -7.161327
0.046800 -10.038823
0.046850 -12.449926
0.046900 -14.187985
0.046950 -15.101380
0.047000 -15.107272
0.047050 -14.199572
0.047100 -12.450399
0.047150 -10.004843
0.047200 -7.069439
0.047250 -3.895300
0.047300 -0.757337
0.047350 2.068682
0.047400 4.329260
0.047450 5.814526
0.047500 6.375974
0.047550 5.939080
0.047600 4.509707
0.047650 2.173766
0.047700 -0.909826
0.047750 -4.522285
0.047800 -8.403037
0.047850 -12.271186
0.047900 -15.848520
0.047950 -18.882080
0.048000 -21.164372
0.048050 -22.549521
0.048100 -22.964017
0.048150 -22.411200
0.048200 -20.969166
0.048250 -18.782365
0.048300 -16.047702
0.048350 -12.996437
0.048400 -9.873515
0.048450 -6.916191
0.048500 -4.333838
0.048550 -2.290716
0.048600 -0.893179
0.048650 -0.182407
0.048700 -0.133215
0.048750 -0.658973
0.048800 -1.622087
0.048850 -2.848998
0.048900 -4.148278
0.048950 -5.330087
0.049000 -6.225178
0.049050 -6.701672
0.049100 -6.678030
0.049150 -6.131026
0.049200 -5.097968
0.049250 -3.672964
0.049300 -1.997561
0.049350 -0.246636
0.049400 1.389169
0.049450 2.722819
0.049500 3.590272
0.049550 3.868027
0.049600 3.487190
0.049650 2.442655
0.049700 0.796487
0.049750 -1.324925
0.049800 -3.739803
0.049850 -6.225305
0.049900 -8.536050
0.049950 -10.425264
0.050000 -11.666703
0.050050 -12.075427
0.050100 -11.525566
0.050150 -9.963467
0.050200 -7.414999
0.050250 -3.986280
0.050300 0.142336
0.050350 4.728593
0.050400 9.486017
0.050450 14.105529
0.050500 18.279180
0.050550 21.724061
0.050600 24.204367
0.050650 25.549783
0.050700 25.668657
0.050750 24.554855
0.050800 22.287756
0.050850 19.025401
0.050900 14.991427
0.050950 10.456892
0.051000 5.718590
0.051050 1.075670
0.051100 -3.193429
0.051150 -6.851809
0.051200 -9.720991
0.051250 -11.692461
0.051300 -12.733019
0.051350 -12.883587
0.051400 -12.251713
0.051450 -10.998579
0.051500 -9.321752
0.051550 -7.435323
0.051600 -5.549259
0.051650 -3.849841
0.051700 -2.482961
0.051750 -1.541740
0.051800 -1.059550
0.051850 -1.008992
0.051900 -1.306856
0.051950 -1.824521
0.052000 -2.402767
0.052050 -2.869558
0.052100 -3.059095
0.052150 -2.830322
0.052200 -2.083112
0.052250 -0.770581
0.052300 1.093659
0.052350 3.434055
0.052400 6.117661
0.052450 8.964336
0.052500 11.761706
0.052550 14.283568
0.052600 16.310097
0.052650 17.648005
0.052700 18.148830
0.052750 17.723646
0.052800 16.352809
0.052850 14.089792
0.052900 11.058659
0.052950 7.445321
0.053000 3.483251
0.053050 -0.565151
0.053100 -4.429972
0.053150 -7.856124
0.053200 -10.624678
0.053250 -12.571324
0.053300 -13.600322
0.053350 -13.692705
0.053400 -12.907986
0.053450 -11.379159
0.053500 -9.301413
0.053550 -6.915475
0.053600 -4.487012
0.053650 -2.283839
0.053700 -0.552887
0.053750 0.501092
0.053800 0.733240
0.053850 0.071232
0.053900 -1.478278
0.053950 -3.829925
0.054000 -6.826604
0.054050 -10.252525
0.054100 -13.851217
0.054150 -17.346934
0.054200 -20.467607
0.054250 -22.967373
0.054300 -24.646761
0.054350 -25.368820
0.054400 -25.069843
0.054450 -23.763808
0.054500 -21.540233
0.054550 -18.555688
0.054600 -15.019778
0.054650 -11.176886
0.054700 -7.285307
0.054750 -3.595642
0.054800 -0.330340
0.054850 2.333815
0.054900 4.278798
0.054950 5.452899
0.055000 5.872191
0.055050 5.615851
0.055100 4.815879
0.055150 3.642234
0.055200 2.284820
0.055250 0.934030
0.055300 -0.238314
0.055350 -1.095862
0.055400 -1.550890
0.055450 -1.572496
0.055500 -1.189083
0.055550 -0.484887
0.055600 0.409100
0.055650 1.328985
0.055700 2.095299
0.055750 2.532175
0.055800 2.486566
0.055850 1.845684
0.055900 0.550985
0.055950 -1.392686
0.056000 -3.913724
0.056050 -6.876601
0.056100 -10.090787
0.056150 -13.325054
0.056200 -16.326001
0.056250 -18.839218
0.056300 -20.631245
0.056350 -21.510415
0.056400 -21.344712
0.056450 -20.075033
0.056500 -17.722615
0.056550 -14.389895
0.056600 -10.254629
0.056650 -5.557665
0.056700 -0.585348
0.056750 4.352032
0.056800 8.943963
0.056850 12.903637
0.056900 15.990077
0.056950 18.026621
0.057000 18.914217
0.057050 18.638430
0.057100 17.269596
0.057150 14.956136
0.057200 11.911644
0.057250 8.396859
0.057300 4.698093
0.057350 1.103957
0.057400 -2.117635
0.057450 -4.740245
0.057500 -6.595747
0.057550 -7.585853
0.057600 -7.687428
0.057650 -6.951260
0.057700 -5.494516
0.057750 -3.487667
0.057800 -1.137131
0.057850 1.334722
0.057900 3.710388
0.057950 5.796980
0.058000 7.443137
0.058050 8.551617
0.058100 9.086477
0.058150 9.074274
0.058200 8.599249
0.058250 7.793026
0.058300 6.819838
0.058350 5.858716
0.058400 5.084343
0.058450 4.648389
0.058500 4.663100
0.058550 5.188709
0.058600 6.225872
0.058650 7.713876
0.058700 9.534841
0.058750 11.523568
0.058800 13.482182
0.058850 15.198246
0.058900 16.464716
0.058950 17.099918
0.059000 16.965690
0.059050 15.982005
0.059100 14.136682
0.059150 11.489224
0.059200 8.168325
0.059250 4.363185
0.059300 0.309291
0.059350 -3.730152
0.059400 -7.485572
0.059450 -10.703327
0.059500 -13.167002
0.059550 -14.715855
0.059600 -15.258771
0.059650 -14.782465
0.059700 -13.353190
0.059750 -11.111739
0.059800 -8.262133
0.059850 -5.054915
0.059900 -1.766478
0.059950 1.323848
0.060000 3.956973
0.060050 5.915522
0.060100 7.041769
0.060150 7.250495
0.060200 6.535685
0.060250 4.970495
0.060300 2.700509
0.060350 -0.069106
0.060400 -3.091436
0.060450 -6.099088
0.060500 -8.827044
0.060550 -11.035145
0.060600 -12.528262
0.060650 -13.172452
0.060700 -12.905729
0.060750 -11.742577
0.060800 -9.771879
0.060850 -7.148506
0.060900 -4.079360
0.060950 -0.805164
0.061000 2.420375
0.061050 5.352173
0.061100 7.774236
0.061150 9.517211
0.061200 10.471500
0.061250 10.594858
0.061300 9.913861
0.061350 8.519214
0.061400 6.555425
0.061450 4.205831
0.061500 1.674448
0.061550 -0.833688
0.061600 -3.131823
0.061650 -5.068674
0.061700 -6.541899
0.061750 -7.506627
0.061800 -7.978278
0.061850 -8.029416
0.061900 -7.780969
0.061950 -7.388622
0.062000 -7.025691
0.062050 -6.864079
0.062100 -7.055115
0.062150 -7.712110
0.062200 -8.896299
0.062250 -10.607558
0.062300 -12.780846
0.062350 -15.288819
0.062400 -17.950504
0.062450 -20.545343
0.062500 -22.831459
0.062550 -24.566578
0.062600 -25.529766
0.062650 -25.542074
0.062700 -24.484235
0.062750 -22.309781
0.062800 -19.052366
0.062850 -14.826530
0.062900 -9.821733
0.062950 -4.290062
0.063000 1.471453
0.063050 7.142470
0.063100 12.403157
0.063150 16.958228
0.063200 20.559189
0.063250 23.022954
0.063300 24.245266
0.063350 24.207826
0.063400 22.978548
0.063450 20.704960
0.063500 17.601326
0.063550 13.930634
0.063600 9.982976
0.063650 6.052194
0.063700 2.412752
0.063750 -0.701208
0.063800 -3.112902
0.063850 -4.714642
0.063900 -5.473382
0.063950 -5.429712
0.064000 -4.690512
0.064050 -3.416063
0.064100 -1.802835
0.064150 -0.063602
0.064200 1.593317
0.064250 2.983772
0.064300 3.964700
0.064350 4.446747
0.064400 4.401494
0.064450 3.862703
0.064500 2.921539
0.064550 1.716290
0.064600 0.417579
0.064650 -0.789485
0.064700 -1.724545
0.064750 -2.230776
0.064800 -2.191445
0.064850 -1.542681
0.064900 -0.281229
0.064950 1.533576
0.065000 3.783825
0.065050 6.302746
0.065100 8.889226
0.065150 11.325877
0.065200 13.398988
0.065250 14.918559
0.065300 15.736567
0.065350 15.761763
0.065400 14.969615
0.065450 13.406401
0.065500 11.187007
0.065550 8.486540
0.065600 5.526405
0.065650 2.556009
0.065700 -0.168336
0.065750 -2.405493
0.065800 -3.950626
0.065850 -4.653514
0.065900 -4.432406
0.065950 -3.282181
0.066000 -1.276019
0.066050 1.439594
0.066100 4.656175
0.066150 8.119930
0.066200 11.552423
0.066250 14.673477
0.066300 17.224359
0.066350 18.989270
0.066400 19.813299
0.066450 19.615303
0.066500 18.394615
0.066550 16.231016
0.066600 13.277973
0.066650 9.749734
0.066700 5.903417
0.066750 2.017611
0.066800 -1.630640
0.066850 -4.788522
0.066900 -7.247853
0.066950 -8.861489
0.067000 -9.554364
0.067050 -9.328265
0.067100 -8.260011
0.067150 -6.493268
0.067200 -4.224786
0.067250 -1.686332
0.067300 0.876052
0.067350 3.223605
0.067400 5.145316
0.067450 6.475521
0.067500 7.107096
0.067550 6.999158
0.067600 6.178647
0.067650 4.735754
0.067700 2.813688
0.067750 0.593796
0.067800 -1.722546
0.067850 -3.933557
0.067900 -5.856381
0.067950 -7.344298
0.068000 -8.300270
0.068050 -8.685536
0.068100 -8.522508
0.068150 -7.891691
0.068200 -6.922931
0.068250 -5.781822
0.068300 -4.652528
0.068350 -3.718652
0.068400 -3.143928
0.068450 -3.054586
0.068500 -3.525051
0.068550 -4.568384
0.068600 -6.132426
0.068650 -8.102105
0.068700 -10.307801
0.068750 -12.539107
0.068800 -14.562842
0.068850 -16.143762
0.068900 -17.066142
0.068950 -17.154317
0.069000 -16.290336
0.069050 -14.427092
0.069100 -11.595706
0.069150 -7.906389
0.069200 -3.542618
0.069250 1.251008
0.069300 6.186276
0.069350 10.952829
0.069400 15.241815
0.069450 18.769769
0.069500 21.300716
0.069550 22.664649
0.069600 22.770824
0.069650 21.614771
0.069700 19.278418
0.069750 15.923360
0.069800 11.777836
0.069850 7.118545
0.069900 2.248848
0.069950 -2.524799
0.070000 -6.916186
0.070050 -10.680531
0.070100 -13.631741
0.070150 -15.654373
0.070200 -16.709384
0.070250 -16.833281
0.070300 -16.130911
0.070350 -14.762627
0.070400 -12.927095
0.070450 -10.841347
0.070500 -8.719910
0.070550 -6.754914
0.070600 -5.098947
0.070650 -3.852172
0.070700 -3.054805
0.070750 -2.685575
0.070800 -2.666193
0.070850 -2.871364
0.070900 -3.143321
0.070950 -3.309468
0.071000 -3.201453
0.071050 -2.673838
0.071100 -1.620593
0.071150 0.012156
0.071200 2.218369
0.071250 4.930077
0.071300 8.021362
0.071350 11.318017
0.071400 14.612046
0.071450 17.679709
0.071500 20.301502
0.071550 22.282235
0.071600 23.469380
0.071650 23.767980
0.071700 23.150711
0.071750 21.662120
0.071800 19.416559
0.071850 16.589924
0.071900 13.405828
0.071950 10.117377
0.072000 6.986090
0.072050 4.259793
0.072100 2.151417
0.072150 0.820560
0.072200 0.359454
0.072250 0.784609
0.072300 2.034902
0.072350 3.976327
0.072400 6.413057
0.072450 9.103885
0.072500 11.782671
0.072550 14.181052
0.072600 16.051458
0.072650 17.188470
0.072700 17.446680
0.072750 16.753497
0.072800 15.115814
0.072850 12.619946
0.072900 9.424843
0.072950 5.749174
0.073000 1.853379
0.073050 -1.981757
0.073100 -5.478173
0.073150 -8.383268
0.073200 -10.490370
0.073250 -11.655205
0.073300 -11.806987
0.073350 -10.953235
0.073400 -9.177967
0.073450 -6.633481
0.073500 -3.526531
0.073550 -0.100143
0.073600 3.387289
0.073650 6.683777
0.073700 9.564458
0.073750 11.849477
0.073800 13.417498
0.073850 14.213713
0.073900 14.251744
0.073950 13.609357
0.074000 12.418487
0.074050 10.850569
0.074100 9.098579
0.074150 7.357506
0.074200 5.805059
0.074250 4.584421
0.074300 3.790635
0.074350 3.461884
0.074400 3.576452
0.074450 4.055635
0.074500 4.772326
0.074550 5.564456
0.074600 6.252033
0.074650 6.656171
0.074700 6.618320
0.074750 6.017875
0.074800 4.786465
0.074850 2.917540
0.074900 0.470265
0.074950 -2.432734
0.075000 -5.613692
0.075050 -8.853432
0.075100 -11.909382
0.075150 -14.536301
0.075200 -16.507931
0.075250 -17.637648
0.075300 -17.796251
0.075350 -16.925275
0.075400 -15.044572
0.075450 -12.253397
0.075500 -8.724802
0.075550 -4.693712
0.075600 -0.439609
0.075650 3.734758
0.075700 7.526895
0.075750 10.658339
0.075800 12.896715
0.075850 14.074184
0.075900 14.100768
0.075950 12.971394
0.076000 10.766091
0.076050 7.643333
0.076100 3.827097
0.076150 -0.411245
0.076200 -4.774656
0.076250 -8.963946
0.076300 -12.701067
0.076350 -15.750261
0.076400 -17.935287
0.076450 -19.151354
0.076500 -19.370816
0.076550 -18.642262
0.076600 -17.083212
0.076650 -14.867153
0.076700 -12.206182
0.076750 -9.330853
0.076800 -6.469064
0.076850 -3.825897
0.076900 -1.566177
0.076950 0.198714
0.077000 1.418650
0.077050 2.106593
0.077100 2.334353
0.077150 2.222780
0.077200 1.927373
0.077250 1.620696
0.077300 1.473315
0.077350 1.635048
0.077400 2.218338
0.077450 3.285303
0.077500 4.839730
0.077550 6.824777
0.077600 9.126655
0.077650 11.583980
0.077700 14.001974
0.077750 16.170249
0.077800 17.882540
0.077850 18.956586
0.077900 19.252326
0.077950 18.686694
0.078000 17.243607
0.078050 14.978160
0.078100 12.014542
0.078150 8.537761
0.078200 4.779815
0.078250 1.001456
0.078300 -2.528921
0.078350 -5.557428
0.078400 -7.865953
0.078450 -9.290686
0.078500 -9.736253
0.078550 -9.184179
0.078600 -7.694913
0.078650 -5.403171
0.078700 -2.506958
0.078750 0.748834
0.078800 4.092855
0.078850 7.250042
0.078900 9.964710
0.078950 12.022035
0.079000 13.266067
0.079050 13.612731
0.079100 13.056713
0.079150 11.671618
0.079200 9.603420
0.079250 7.057767
0.079300 4.282228
0.079350 1.545054
0.079400 -0.887750
0.079450 -2.775043
0.079500 -3.920935
0.079550 -4.191194
0.079600 -3.524301
0.079650 -1.936237
0.079700 0.481344
0.079750 3.569366
0.079800 7.115191
0.079850 10.870868
0.079900 14.574114
0.079950 17.970178
0.080000 20.832687
0.080050 22.981642
0.080100 24.297051
0.080150 24.727056
0.080200 24.289913
0.080250 23.069763
0.080300 21.206660
0.080350 18.881855
0.080400 16.299728
0.080450 13.668094
0.080500 11.178677
0.080550 8.989589
0.080600 7.211395
0.080650 5.898036
0.080700 5.043428
0.080750 4.584011
0.080800 4.406990
0.080850 4.363467
0.080900 4.285211
0.080950 4.003487
0.081000 3.368138
0.081050 2.265117
0.081100 0.630757
0.081150 -1.538602
0.081200 -4.182628
0.081250 -7.179129
0.081300 -10.352223
0.081350 -13.485908
0.081400 -16.341911
0.081450 -18.680265
0.081500 -20.280834
0.081550 -20.963839
0.081600 -20.607569
0.081650 -19.161623
0.081700 -16.654438
0.081750 -13.194342
0.081800 -8.963909
0.081850 -4.207986
0.081900 0.783668
0.081950 5.697753
0.082000 10.221050
0.082050 14.064319
0.082100 16.984500
0.082150 18.803338
0.082200 19.420877
0.082250 18.822697
0.082300 17.080291
0.082350 14.344564
0.082400 10.833042
0.082450 6.811860
0.082500 2.574108
0.082550 -1.583655
0.082600 -5.384714
0.082650 -8.593389
0.082700 -11.032355
0.082750 -12.594672
0.082800 -13.249602
0.082850 -13.041824
0.082900 -12.084237
0.082950 -10.545098
0.083000 -8.630737
0.083050 -6.565444
0.083100 -4.570386
0.083150 -2.843423
0.083200 -1.541645
0.083250 -0.768149
0.083300 -0.564171
0.083350 -0.907236
0.083400 -1.715376
0.083450 -2.856959
0.083500 -4.165149
0.083550 -5.455586
0.083600 -6.545612
0.083650 -7.273214
0.083700 -7.513898
0.083750 -7.193903
0.083800 -6.298506
0.083850 -4.874605
0.083900 -3.027331
0.083950 -0.910946
0.084000 1.285138
0.084050 3.353973
0.084100 5.090707
0.084150 6.312426
0.084200 6.876370
0.084250 6.694825
0.084300 5.745253
0.084350 4.074682
0.084400 1.797848
0.084450 -0.910830
0.084500 -3.830823
0.084550 -6.713480
0.084600 -9.302897
0.084650 -11.357860
0.084700 -12.672936
0.084750 -13.096839
0.084800 -12.546452
0.084850 -11.015192
0.084900 -8.574961
0.084950 -5.371428
0.085000 -1.612991
0.085050 2.445678
0.085100 6.524142
0.085150 10.339017
0.085200 13.627170
0.085250 16.167305
0.085300 17.798099
0.085350 18.431336
0.085400 18.058897
0.085450 16.753040
0.085500 14.659922
0.085550 11.986955
0.085600 8.985068
0.085650 5.927432
0.085700 3.086448
0.085750 0.711010
0.085800 -0.994051
0.085850 -1.884569
0.085900 -1.888327
0.085950 -1.010071
0.086000 0.670080
0.086050 3.004660
0.086100 5.792519
0.086150 8.796900
0.086200 11.766284
0.086250 14.456164
0.086300 16.649822
0.086350 18.176310
0.086400 18.924072
0.086450 18.849090
0.086500 17.976885
0.086550 16.398301
0.086600 14.259531
0.086650 11.747375
0.086700 9.071126
0.086750 6.442774
0.086800 4.057381
0.086850 2.075407
0.086900 0.608620
0.086950 -0.289147
0.087000 -0.625557
0.087050 -0.467355
0.087100 0.067762
0.087150 0.824221
0.087200 1.625339
0.087250 2.292205
0.087300 2.662886
0.087350 2.610141
0.087400 2.055936
0.087450 0.981353
0.087500 -0.569095
0.087550 -2.489249
0.087600 -4.619124
0.087650 -6.758134
0.087700 -8.682618
0.087750 -10.166140
0.087800 -11.000759
0.087850 -11.017382
0.087900 -10.103328
0.087950 -8.215487
0.088000 -5.387821
0.088050 -1.732407
0.088100 2.566161
0.088150 7.262684
0.088200 12.068650
0.088250 16.673522
0.088300 20.768274
0.088350 24.069223
0.088400 26.340150
0.088450 27.410866
0.088500 27.190635
0.088550 25.675346
0.088600 22.947808
0.088650 19.171152
0.088700 14.575918
0.088750 9.441898
0.088800 4.076299
0.088850 -1.209951
0.088900 -6.125748
0.088950 -10.421264
0.089000 -13.905529
0.089050 -16.458738
0.089100 -18.038319
0.089150 -18.678388
0.089200 -18.482749
0.089250 -17.612189
0.089300 -16.267293
0.089350 -14.668381
0.089400 -13.034406
0.089450 -11.562707
0.089500 -10.411427
0.089550 -9.686134
0.089600 -9.431772
0.089650 -9.630613
0.089700 -10.206271
0.089750 -11.033358
0.089800 -11.951769
0.089850 -12.784239
0.089900 -13.355470
0.089950 -13.511025
0.090000 -13.134176
0.090050 -12.159134
0.090100 -10.579382
0.090150 -8.450305
0.090200 -5.885835
0.090250 -3.049386
0.090300 -0.139872
0.090350 2.625941
0.090400 5.033135
0.090450 6.888592
0.090500 8.039372
0.090550 8.387787
0.090600 7.901758
0.090650 6.619437
0.090700 4.647593
0.090750 2.153820
0.090800 -0.646827
0.090850 -3.509641
0.090900 -6.181002
0.090950 -8.420238
0.091000 -10.020688
0.091050 -10.828104
0.091100 -10.754741
0.091150 -9.787859
0.091200 -7.991828
0.091250 -5.503596
0.091300 -2.521853
0.091350 0.709228
0.091400 3.920294
0.091450 6.839458
0.091500 9.215333
0.091550 10.838476
0.091600 11.559411
0.091650 11.301658
0.091700 10.068640
0.091750 7.943882
0.091800 5.084450
0.091850 1.708222
0.091900 -1.923950
0.091950 -5.529637
0.092000 -8.827969
0.092050 -11.562531
0.092100 -13.522068
0.092150 -14.557260
0.092200 -14.592150
0.092250 -13.629312
0.092300 -11.748361
0.092350 -9.098017
0.092400 -5.882458
0.092450 -2.343235
0.092500 1.261656
0.092550 4.679675
0.092600 7.684698
0.092650 10.095217
0.092700 11.788222
0.092750 12.707617
0.092800 12.866503
0.092850 12.343236
0.092900 11.271698
0.092950 9.826776
0.093000 8.206418
0.093050 6.611968
0.093100 5.228614
0.093150 4.207746
0.093200 3.652859
0.093250 3.610266
0.093300 4.065475
0.093350 4.945532
0.093400 6.127089
0.093450 7.449423
0.093500 8.731180
0.093550 9.789265
0.093600 10.458091
0.093650 10.607361
0.093700 10.156700
0.093750 9.085694
0.093800 7.438343
0.093850 5.321425
0.093900 2.896810
0.093950 0.368345
0.094000 -2.035601
0.094050 -4.082400
0.094100 -5.556463
0.094150 -6.279662
0.094200 -6.129017
0.094250 -5.050035
0.094300 -3.064413
0.094350 -0.271332
0.094400 3.157885
0.094450 6.991419
0.094500 10.953987
0.094550 14.747885
0.094600 18.076312
0.094650 20.667007
0.094700 22.294226
0.094750 22.797183
0.094800 22.093395
0.094850 20.185785
0.094900 17.162942
0.094950 13.192498
0.095000 8.508187
0.095050 3.391674
0.095100 -1.849308
0.095150 -6.904685
0.095200 -11.485621
0.095250 -15.346010
0.095300 -18.300089
0.095350 -20.234764
0.095400 -21.115690
0.095450 -20.986686
0.095500 -19.962678
0.095550 -18.216882
0.095600 -15.963463
0.095650 -13.437265
0.095700 -10.872454
0.095750 -8.481979
0.095800 -6.439664
0.095850 -4.866482
0.095900 -3.822158
0.095950 -3.302776
0.096000 -3.244487
0.096050 -3.532880
0.096100 -4.017052
0.096150 -4.527001
0.096200 -4.892661
0.096250 -4.962762
0.096300 -4.621731
0.096350 -3.803007
0.096400 -2.497530
0.096450 -0.756550
0.096500 1.311514
0.096550 3.549931
0.096600 5.767429
0.096650 7.755645
0.096700 9.308658
0.096750 10.242809
0.096800 10.414972
0.096850 9.737564
0.096900 8.188851
0.096950 5.817558
0.097000 2.741237
0.097050 -0.861531
0.097100 -4.764522
0.097150 -8.711718
0.097200 -12.438108
0.097250 -15.691649
0.097300 -18.254451
0.097350 -19.961344
0.097400 -20.714143
0.097450 -20.490353
0.097500 -19.345481
0.097550 -17.408704
0.097600 -14.872221
0.097650 -11.975151
0.097700 -8.983354
0.097750 -6.166867
0.097800 -3.776904
0.097850 -2.024394
0.097900 -1.061907
0.097950 -0.970522
0.098000 -1.752790
0.098050 -3.332389
0.098100 -5.560509
0.098150 -8.228426
0.098200 -11.085171
0.098250 -13.858785
0.098300 -16.279321
0.098350 -18.101633
0.098400 -19.125987
0.098450 -19.214760
0.098500 -18.303801
0.098550 -16.407529
0.098600 -13.617371
0.098650 -10.093735
0.098700 -6.052263
0.098750 -1.745602
0.098800 2.557678
0.098850 6.595172
0.098900 10.131802
0.098950 12.978240
0.099000 15.005005
0.099050 16.151091
0.099100 16.426438
0.099150 15.908138
0.099200 14.730813
0.099250 13.072135
0.099300 11.134866
0.099350 9.127113
0.099400 7.242618
0.099450 5.642916
0.099500 4.442965
0.099550 3.701575
0.099600 3.417449
0.099650 3.531201
0.099700 3.933095
0.099750 4.475767
0.099800 4.990698
0.099850 5.306884
0.099900 5.269915
0.099950 4.759642
0.100000 0.000000
0.100050 -0.000000
0.100100 0.000000
0.100150 0.000000
0.100200 -0.000000
0.100250 0.000000
0.100300 -0.000000
0.100350 -0.000000
0.100400 -0.000000
0.100450 0.000000
0.100500 0.000000
0.100550 0.000000
0.100600 -0.000000
0.100650 0.000000
0.100700 -0.000000
0.100750 0.000000
0.100800 0.000000
0.100850 -0.000000
0.100900 0.000000
0.100950 0.000000
0.101000 -0.000000
0.101050 -0.000000
0.101100 -0.000000
0.101150 0.000000
0.101200 0.000000
0.101250 0.000000
0.101300 -0.000000
0.101350 0.000000
0.101400 -0.000000
0.101450 0.000000
0.101500 -0.000000
0.101550 0.000000
0.101600 -0.000000
0.101650 0.000000
0.101700 0.000000
0.101750 -0.000000
0.101800 -0.000000
0.101850 0.000000
0.101900 -0.000000
0.101950 -0.000000
0.102000 -0.000000
0.102050 0.000000
0.102100 0.000000
0.102150 -0.000000
0.102200 -0.000000
0.102250 0.000000
0.102300 0.000000
0.102350 -0.000000
