0.000000 26.770249
0.000050 32.371492
0.000100 -35.170201
0.000150 9.179417
0.000200 -35.561697
0.000250 47.972622
0.000300 17.641589
0.000350 -56.089067
0.000400 8.781956
0.000450 18.486340
0.000500 10.480604
0.000550 -11.598324
0.000600 -14.459240
0.000650 3.129073
0.000700 24.775259
0.000750 -26.252825
0.000800 11.819550
0.000850 12.243178
0.000900 -33.820299
0.000950 18.201679
0.001000 6.732455
0.001050 9.638378
0.001100 -20.377019
0.001150 -15.947977
0.001200 26.681311
0.001250 13.306601
0.001300 -17.130699
0.001350 -18.761075
0.001400 10.834358
0.001450 18.895156
0.001500 -1.233258
0.001550 -22.495347
0.001600 4.566299
0.001650 6.841375
0.001700 10.737679
0.001750 -11.630999
0.001800 -8.706958
0.001850 17.087626
0.001900 -13.097118
0.001950 4.404661
0.002000 8.613823
0.002050 -9.336486
0.002100 -0.273235
0.002150 -2.697840
0.002200 1.407722
0.002250 21.307231
0.002300 -22.261750
0.002350 -10.445994
0.002400 15.871552
0.002450 5.982772
0.002500 8.743915
0.002550 -31.675872
0.002600 -3.090824
0.002650 34.767598
0.002700 7.458213
0.002750 -43.007851
0.002800 4.803607
0.002850 19.743625
0.002900 15.307228
0.002950 -13.445788
0.003000 -47.030585
0.003050 58.132647
0.003100 -7.751189
0.003150 -6.664717
0.003200 -12.035002
0.003250 -11.495276
0.003300 49.202218
0.003350 -36.289152
0.003400 6.216013
0.003450 -4.787439
0.003500 6.286503
0.003550 5.475659
0.003600 -12.893525
0.003650 19.999758
0.003700 -22.266343
0.003750 -0.675020
0.003800 14.293858
0.003850 12.678708
0.003900 -18.079219
0.003950 -24.592478
0.004000 24.281805
0.004050 32.619240
0.004100 -32.664654
0.004150 -23.485516
0.004200 19.938742
0.004250 20.418604
0.004300 6.028776
0.004350 -48.111743
0.004400 14.303771
0.004450 30.393036
0.004500 -11.078961
0.004550 -13.344263
0.004600 -3.773850
0.004650 13.428880
0.004700 7.176089
0.004750 -18.328486
0.004800 0.193973
0.004850 27.041209
0.004900 -33.244422
0.004950 9.689189
0.005000 8.552560
0.005050 1.602453
0.005100 0.454045
0.005150 -30.385384
0.005200 30.172252
0.005250 6.351078
0.005300 -9.671504
0.005350 -15.748016
0.005400 5.518760
0.005450 16.804801
0.005500 0.662486
0.005550 -15.195362
0.005600 -9.569472
0.005650 20.128100
0.005700 1.978382
0.005750 -2.770740
0.005800 -18.351951
0.005850 15.420271
0.005900 -1.057524
0.005950 4.843203
0.006000 -3.943363
0.006050 -13.594914
0.006100 19.639036
0.006150 -14.299122
0.006200 18.310032
0.006250 -16.985238
0.006300 -0.283964
0.006350 6.729714
0.006400 -0.791330
0.006450 11.455936
0.006500 -25.182705
0.006550 13.636467
0.006600 -5.689221
0.006650 22.049730
0.006700 -14.119693
0.006750 -29.272391
0.006800 37.515179
0.006850 -3.045493
0.006900 2.377855
0.006950 -25.947065
0.007000 -4.892781
0.007050 52.492659
0.007100 -27.349444
0.007150 -21.258174
0.007200 10.179280
0.007250 6.100723
0.007300 27.049630
0.007350 -37.500603
0.007400 -8.492635
0.007450 29.527524
0.007500 -1.971114
0.007550 -7.822917
0.007600 -7.708750
0.007650 5.174439
0.007700 5.913469
0.007750 1.805548
0.007800 -17.709357
0.007850 26.899686
0.007900 -20.668829
0.007950 -6.691230
0.008000 27.945179
0.008050 -19.971149
0.008100 14.792601
0.008150 -28.022794
0.008200 18.591223
0.008250 12.595888
0.008300 -14.409617
0.008350 -3.184570
0.008400 -4.531182
0.008450 18.939397
0.008500 -12.264829
0.008550 9.019386
0.008600 -17.382828
0.008650 13.101663
0.008700 -1.758569
0.008750 -3.162943
0.008800 12.035387
0.008850 -16.235648
0.008900 4.572320
0.008950 -6.464604
0.009000 25.592363
0.009050 -18.181366
0.009100 -4.473199
0.009150 -5.637214
0.009200 17.080511
0.009250 13.469624
0.009300 -35.258221
0.009350 14.916783
0.009400 -10.725797
0.009450 33.801735
0.009500 -21.571121
0.009550 -14.695419
0.009600 14.096241
0.009650 -3.562305
0.009700 30.198267
0.009750 -48.002655
0.009800 16.492851
0.009850 13.259578
0.009900 -8.162844
0.009950 10.157189
0.010000 -31.117922
0.010050 25.865326
0.010100 8.117985
0.010150 -22.731354
0.010200 10.888217
0.010250 -5.998810
0.010300 6.733498
0.010350 9.475635
0.010400 -25.378105
0.010450 14.396786
0.010500 5.021969
0.010550 -8.136286
0.010600 5.882049
0.010650 -6.286886
0.010700 -1.741114
0.010750 10.264964
0.010800 -4.628159
0.010850 -3.315430
0.010900 7.949978
0.010950 -22.634275
0.011000 31.651030
0.011050 -9.672559
0.011100 -17.219600
0.011150 17.208449
0.011200 -13.284981
0.011250 23.537827
0.011300 -20.519983
0.011350 -1.063459
0.011400 8.745629
0.011450 1.122187
0.011500 -3.847041
0.011550 -3.569612
0.011600 9.007162
0.011650 -10.207899
0.011700 11.098080
0.011750 -15.593078
0.011800 17.491893
0.011850 -3.588077
0.011900 -12.746931
0.011950 6.305623
0.012000 3.931231
0.012050 9.060333
0.012100 -17.733281
0.012150 3.570893
0.012200 -3.756856
0.012250 21.223782
0.012300 -13.228927
0.012350 -5.427418
0.012400 -2.247312
0.012450 2.376410
0.012500 24.901191
0.012550 -26.700550
0.012600 2.840804
0.012650 -13.466580
0.012700 34.203652
0.012750 -6.041999
0.012800 -26.577216
0.012850 15.076816
0.012900 -11.276051
0.012950 36.237725
0.013000 -28.635032
0.013050 -11.074534
0.013100 20.615534
0.013150 -7.841938
0.013200 12.884028
0.013250 -14.172723
0.013300 -8.017572
0.013350 21.489319
0.013400 -12.380152
0.013450 0.919559
0.013500 9.391599
0.013550 -20.247919
0.013600 19.272294
0.013650 -10.206855
0.013700 7.168189
0.013750 -2.924713
0.013800 -9.569353
0.013850 16.176357
0.013900 -10.607271
0.013950 5.921266
0.014000 -9.757779
0.014050 15.376094
0.014100 -12.640554
0.014150 1.349573
0.014200 4.732076
0.014250 -1.122529
0.014300 4.990846
0.014350 -18.893094
0.014400 20.421141
0.014450 -11.013661
0.014500 15.153672
0.014550 -23.104148
0.014600 7.381311
0.014650 17.423828
0.014700 -23.699100
0.014750 23.543960
0.014800 -31.363292
0.014850 26.715196
0.014900 -0.461920
0.014950 -20.032550
0.015000 19.879967
0.015050 -14.685343
0.015100 9.188916
0.015150 5.764377
0.015200 -15.789975
0.015250 1.402962
0.015300 16.549106
0.015350 -12.746894
0.015400 9.442487
0.015450 -21.744033
0.015500 10.747598
0.015550 29.599889
0.015600 -36.259960
0.015650 1.719014
0.015700 3.773336
0.015750 18.515372
0.015800 -2.383395
0.015850 -26.609744
0.015900 3.044832
0.015950 26.726804
0.016000 -1.350533
0.016050 -24.945251
0.016100 7.323116
0.016150 1.347107
0.016200 16.768584
0.016250 -11.651175
0.016300 -13.843509
0.016350 20.157242
0.016400 -15.366994
0.016450 9.125114
0.016500 11.134818
0.016550 -22.471159
0.016600 8.924059
0.016650 -9.915920
0.016700 24.960577
0.016750 0.170325
0.016800 -42.623275
0.016850 34.540303
0.016900 -6.716347
0.016950 16.809505
0.017000 -22.517529
0.017050 -16.359616
0.017100 44.434209
0.017150 -26.001728
0.017200 6.073679
0.017250 -9.671870
0.017300 9.534874
0.017350 5.188514
0.017400 -13.988206
0.017450 1.724274
0.017500 18.045520
0.017550 -10.872744
0.017600 -24.560000
0.017650 39.640525
0.017700 -22.402170
0.017750 20.285870
0.017800 -29.788277
0.017850 -3.606714
0.017900 54.522207
0.017950 -51.853332
0.018000 19.133608
0.018050 -13.407663
0.018100 6.086907
0.018150 28.371023
0.018200 -36.008384
0.018250 1.701209
0.018300 13.662680
0.018350 -1.488488
0.018400 6.203937
0.018450 -12.239933
0.018500 -14.520021
0.018550 35.579574
0.018600 -16.638321
0.018650 -2.280561
0.018700 -1.610789
0.018750 -6.817820
0.018800 27.339932
0.018850 -20.101796
0.018900 -2.069509
0.018950 -0.494001
0.019000 10.530726
0.019050 0.187038
0.019100 -8.996946
0.019150 2.218507
0.019200 -4.556752
0.019250 12.731543
0.019300 -4.510391
0.019350 -0.727651
0.019400 -8.308830
0.019450 -3.023145
0.019500 25.527251
0.019550 -7.399237
0.019600 -21.464671
0.019650 -0.241917
0.019700 21.640570
0.019750 16.524226
0.019800 -40.318792
0.019850 -2.378756
0.019900 23.041333
0.019950 13.829524
0.020000 -12.186756
0.020050 -41.348967
0.020100 45.894307
0.020150 1.157503
0.020200 -11.620822
0.020250 -9.084950
0.020300 -4.241510
0.020350 36.611936
0.020400 -34.633007
0.020450 3.381281
0.020500 14.543958
0.020550 0.068324
0.020600 -19.297078
0.020650 3.950591
0.020700 22.987896
0.020750 -8.862346
0.020800 -13.865331
0.020850 -17.047967
0.020900 50.802862
0.020950 -16.742121
0.021000 -24.021182
0.021050 6.511056
0.021100 6.006707
0.021150 26.795429
0.021200 -34.933923
0.021250 -1.302050
0.021300 14.692490
0.021350 2.498258
0.021400 -4.381617
0.021450 -4.271711
0.021500 3.153361
0.021550 -2.048674
0.021600 -2.592582
0.021650 12.203758
0.021700 -0.279074
0.021750 -19.239884
0.021800 5.240668
0.021850 7.811205
0.021900 24.041217
0.021950 -40.391369
0.022000 -2.325219
0.022050 28.124198
0.022100 -4.743267
0.022150 10.567243
0.022200 -46.606211
0.022250 25.609590
0.022300 27.324031
0.022350 -20.693352
0.022400 -8.675702
0.022450 -11.301736
0.022500 24.451748
0.022550 17.358093
0.022600 -34.161994
0.022650 -10.334457
0.022700 30.223393
0.022750 -2.777395
0.022800 3.881722
0.022850 -30.376779
0.022900 12.370428
0.022950 25.471109
0.023000 -16.776979
0.023050 -7.368821
0.023100 -5.896524
0.023150 24.424331
0.023200 -13.361633
0.023250 2.925849
0.023300 -12.239659
0.023350 16.475911
0.023400 -2.757097
0.023450 -18.966652
0.023500 34.410935
0.023550 -26.923793
0.023600 7.702629
0.023650 -11.815424
0.023700 23.072556
0.023750 3.984636
0.023800 -35.729721
0.023850 15.333504
0.023900 9.232318
0.023950 20.038047
0.024000 -42.025304
0.024050 5.244114
0.024100 20.811062
0.024150 4.529460
0.024200 -12.814653
0.024250 -21.357067
0.024300 34.410938
0.024350 -8.559418
0.024400 -6.891546
0.024450 -5.512406
0.024500 16.143103
0.024550 -0.661763
0.024600 -27.897440
0.024650 25.804632
0.024700 10.336107
0.024750 -16.441018
0.024800 -16.449622
0.024850 6.017741
0.024900 43.221630
0.024950 -24.269201
0.025000 -43.055752
0.025050 36.337229
0.025100 11.755786
0.025150 9.886693
0.025200 -40.378239
0.025250 -13.348500
0.025300 59.372946
0.025350 -16.349387
0.025400 -18.516117
0.025450 -9.976327
0.025500 14.314610
0.025550 21.222015
0.025600 -15.737882
0.025650 -20.128202
0.025700 19.311857
0.025750 0.578594
0.025800 -4.101858
0.025850 11.689811
0.025900 -23.068361
0.025950 14.079231
0.026000 -5.107731
0.026050 11.034270
0.026100 -2.619439
0.026150 -12.509043
0.026200 -0.964794
0.026250 12.046353
0.026300 16.178713
0.026350 -36.344046
0.026400 18.133524
0.026450 -14.919927
0.026500 34.049494
0.026550 -10.785073
0.026600 -40.232467
0.026650 40.693720
0.026700 -10.850340
0.026750 20.974699
0.026800 -38.273030
0.026850 5.595530
0.026900 26.554878
0.026950 -5.681610
0.027000 -12.637947
0.027050 -15.483273
0.027100 35.501884
0.027150 -14.435437
0.027200 2.754259
0.027250 -22.587995
0.027300 25.952575
0.027350 6.486082
0.027400 -31.152705
0.027450 21.507867
0.027500 -8.158255
0.027550 20.976117
0.027600 -33.787059
0.027650 6.764672
0.027700 32.496652
0.027750 -25.490581
0.027800 -4.512169
0.027850 -7.121002
0.027900 28.903707
0.027950 5.608303
0.028000 -44.982078
0.028050 14.728548
0.028100 25.520024
0.028150 -8.009733
0.028200 -4.795809
0.028250 -28.783268
0.028300 33.499776
0.028350 13.451719
0.028400 -33.619536
0.028450 12.590983
0.028500 -5.674073
0.028550 9.811653
0.028600 2.039726
0.028650 -9.990098
0.028700 6.484420
0.028750 -5.691658
0.028800 -7.815341
0.028850 25.701901
0.028900 -3.773842
0.028950 -28.063361
0.029000 8.414021
0.029050 14.127957
0.029100 16.006177
0.029150 -25.823038
0.029200 -20.960153
0.029250 25.246491
0.029300 29.114011
0.029350 -29.778204
0.029400 -19.130068
0.029450 12.405614
0.029500 18.351960
0.029550 16.045217
0.029600 -54.908495
0.029650 19.600364
0.029700 20.334010
0.029750 -3.833262
0.029800 -5.968594
0.029850 -23.740838
0.029900 32.918177
0.029950 -6.280785
0.030000 -4.194463
0.030050 -10.038439
0.030100 11.554643
0.030150 5.274417
0.030200 -15.132745
0.030250 9.328759
0.030300 -3.452775
0.030350 10.495577
0.030400 -17.705855
0.030450 5.260147
0.030500 11.721108
0.030550 -3.724327
0.030600 -12.304788
0.030650 -0.268416
0.030700 22.752019
0.030750 -14.459507
0.030800 -6.016605
0.030850 0.186995
0.030900 10.809631
0.030950 7.167836
0.031000 -26.249396
0.031050 9.179734
0.031100 18.884989
0.031150 -20.673620
0.031200 10.691819
0.031250 -12.930660
0.031300 11.642482
0.031350 11.767949
0.031400 -38.435922
0.031450 38.908357
0.031500 -14.768694
0.031550 -3.906825
0.031600 2.271529
0.031650 -6.185833
0.031700 31.676302
0.031750 -38.042716
0.031800 1.654598
0.031850 18.746201
0.031900 9.884816
0.031950 -18.642511
0.032000 -20.150546
0.032050 24.881323
0.032100 18.829191
0.032150 -18.337747
0.032200 -24.637319
0.032250 17.468069
0.032300 15.846770
0.032350 8.398092
0.032400 -41.345439
0.032450 10.897143
0.032500 21.378194
0.032550 -5.491985
0.032600 4.151926
0.032650 -33.310201
0.032700 28.112264
0.032750 4.163312
0.032800 -8.263429
0.032850 1.544244
0.032900 -10.340675
0.032950 5.421409
0.033000 11.698009
0.033050 -3.796655
0.033100 -14.151895
0.033150 14.365735
0.033200 -17.386351
0.033250 25.221435
0.033300 -6.593918
0.033350 -22.184342
0.033400 25.140522
0.033450 -20.130533
0.033500 22.601348
0.033550 -4.818642
0.033600 -26.244921
0.033650 25.990874
0.033700 -2.518010
0.033750 -3.590234
0.033800 0.525004
0.033850 -12.169988
0.033900 19.496183
0.033950 -2.457016
0.034000 -16.538435
0.034050 11.337865
0.034100 6.641460
0.034150 -9.706266
0.034200 -1.621418
0.034250 2.440773
0.034300 4.281966
0.034350 12.481068
0.034400 -40.400562
0.034450 29.249735
0.034500 10.998396
0.034550 -21.667370
0.034600 10.927048
0.034650 -30.852322
0.034700 56.655641
0.034750 -29.546669
0.034800 -19.114691
0.034850 24.812040
0.034900 -11.192885
0.034950 28.100549
0.035000 -44.498756
0.035050 16.872197
0.035100 17.464894
0.035150 -12.810451
0.035200 -2.703984
0.035250 -4.115818
0.035300 7.828541
0.035350 8.680590
0.035400 -12.938305
0.035450 -8.753244
0.035500 27.880924
0.035550 -32.508098
0.035600 30.546038
0.035650 -14.992116
0.035700 -10.481722
0.035750 23.202827
0.035800 -29.096345
0.035850 41.226426
0.035900 -30.498915
0.035950 -9.394494
0.036000 21.414091
0.036050 5.106152
0.036100 -7.825545
0.036150 -14.711272
0.036200 5.964899
0.036250 12.274860
0.036300 13.650281
0.036350 -43.125602
0.036400 25.290111
0.036450 -0.837817
0.036500 1.118702
0.036550 9.785146
0.036600 -33.062874
0.036650 28.358779
0.036700 -6.871481
0.036750 1.783913
0.036800 -0.359251
0.036850 -8.900578
0.036900 6.969167
0.036950 2.581519
0.037000 1.318525
0.037050 -9.211494
0.037100 4.744086
0.037150 2.131855
0.037200 -1.152969
0.037250 -0.924030
0.037300 -3.068927
0.037350 9.090969
0.037400 -2.622295
0.037450 -18.112336
0.037500 24.204855
0.037550 -4.007567
0.037600 -4.941714
0.037650 -8.800786
0.037700 0.611198
0.037750 30.069178
0.037800 -28.854435
0.037850 3.784319
0.037900 -8.282827
0.037950 22.813266
0.038000 -1.813732
0.038050 -24.700780
0.038100 21.119799
0.038150 -16.480827
0.038200 25.464888
0.038250 -18.813501
0.038300 -1.917934
0.038350 11.161458
0.038400 -14.266566
0.038450 16.425009
0.038500 -3.624978
0.038550 -9.658964
0.038600 -0.522530
0.038650 11.954515
0.038700 -3.209427
0.038750 3.138734
0.038800 -23.520366
0.038850 23.142108
0.038900 8.821979
0.038950 -25.314370
0.039000 10.980536
0.039050 -6.540152
0.039100 22.830340
0.039150 -21.350201
0.039200 -3.453694
0.039250 10.966749
0.039300 3.426402
0.039350 -1.196268
0.039400 -17.928626
0.039450 17.764121
0.039500 -2.503371
0.039550 2.514142
0.039600 -9.010305
0.039650 2.381978
0.039700 2.291169
0.039750 3.731462
0.039800 -2.539646
0.039850 -4.582916
0.039900 4.641749
0.039950 -10.903756
0.040000 25.631748
0.040050 -18.541261
0.040100 -8.610610
0.040150 15.968732
0.040200 -4.000487
0.040250 6.524301
0.040300 -14.841240
0.040350 -1.925186
0.040400 26.928635
0.040450 -20.620870
0.040500 -10.661010
0.040550 26.119715
0.040600 -16.630777
0.040650 13.847823
0.040700 -25.007183
0.040750 12.884059
0.040800 25.195747
0.040850 -34.638777
0.040900 7.780188
0.040950 -4.291809
0.041000 28.032278
0.041050 -21.332373
0.041100 -7.283501
0.041150 5.310029
0.041200 6.417049
0.041250 13.670401
0.041300 -36.066570
0.041350 31.108361
0.041400 -20.023605
0.041450 7.695908
0.041500 13.924672
0.041550 -20.346411
0.041600 10.907317
0.041650 -19.050659
0.041700 24.267542
0.041750 6.808190
0.041800 -23.861534
0.041850 -7.974645
0.041900 21.309395
0.041950 9.790212
0.042000 -12.656109
0.042050 -17.742463
0.042100 7.074756
0.042150 29.166450
0.042200 -19.518201
0.042250 -9.576183
0.042300 -0.066454
0.042350 16.178933
0.042400 1.941349
0.042450 -19.753627
0.042500 9.162231
0.042550 2.200129
0.042600 2.012537
0.042650 -3.318399
0.042700 -5.211006
0.042750 9.634176
0.042800 -3.463937
0.042850 -4.922130
0.042900 7.609202
0.042950 -7.601022
0.043000 8.038844
0.043050 -1.435267
0.043100 -11.424181
0.043150 12.000135
0.043200 1.697388
0.043250 -6.851702
0.043300 1.224156
0.043350 -4.507345
0.043400 8.427127
0.043450 9.409924
0.043500 -30.612934
0.043550 23.260272
0.043600 -1.488648
0.043650 -5.349400
0.043700 8.087632
0.043750 -24.759996
0.043800 34.176327
0.043850 -16.346461
0.043900 -3.281512
0.043950 -0.987149
0.044000 9.168249
0.044050 1.958747
0.044100 -17.579998
0.044150 21.430784
0.044200 -23.509516
0.044250 29.224267
0.044300 -28.117712
0.044350 14.294623
0.044400 13.687396
0.044450 -45.295061
0.044500 47.786944
0.044550 -18.388058
0.044600 5.807568
0.044650 -14.807860
0.044700 -9.147744
0.044750 45.837734
0.044800 -19.035215
0.044850 -30.128740
0.044900 8.731577
0.044950 29.706817
0.045000 0.171008
0.045050 -24.056531
0.045100 -24.944641
0.045150 47.923571
0.045200 7.071401
0.045250 -33.243300
0.045300 -3.010558
0.045350 6.060169
0.045400 30.497724
0.045450 -25.614255
0.045500 -8.785074
0.045550 12.204737
0.045600 0.072247
0.045650 1.977050
0.045700 -4.432637
0.045750 2.526520
0.045800 -1.090441
0.045850 -8.574210
0.045900 11.021547
0.045950 10.692623
0.046000 -21.712866
0.046050 3.890341
0.046100 -0.735803
0.046150 16.209815
0.046200 -0.749658
0.046250 -29.687131
0.046300 18.766311
0.046350 9.781186
0.046400 -6.793737
0.046450 -2.521430
0.046500 -10.163101
0.046550 12.488198
0.046600 10.932833
0.046650 -26.653995
0.046700 19.778089
0.046750 -6.542596
0.046800 -4.008375
0.046850 11.204270
0.046900 -16.316111
0.046950 21.901259
0.047000 -18.003621
0.047050 1.274770
0.047100 1.491996
0.047150 15.264350
0.047200 -10.646440
0.047250 -18.320965
0.047300 21.427581
0.047350 -5.607565
0.047400 24.863803
0.047450 -50.065553
0.047500 15.814917
0.047550 32.542960
0.047600 -21.191313
0.047650 0.209087
0.047700 -30.388463
0.047750 44.556051
0.047800 4.967152
0.047850 -31.368519
0.047900 -6.808134
0.047950 18.380444
0.048000 22.080487
0.048050 -23.756518
0.048100 -18.168061
0.048150 15.648015
0.048200 20.126435
0.048250 -13.141223
0.048300 -12.747756
0.048350 0.038135
0.048400 21.531754
0.048450 -16.028138
0.048500 5.921914
0.048550 1.360978
0.048600 -15.341680
0.048650 16.582414
0.048700 -9.151989
0.048750 21.244041
0.048800 -21.844083
0.048850 -16.556148
0.048900 28.460270
0.048950 12.770001
0.049000 -21.093360
0.049050 -16.910495
0.049100 9.576677
0.049150 25.922448
0.049200 5.942551
0.049250 -57.690493
0.049300 31.720265
0.049350 14.188437
0.049400 -1.265695
0.049450 -9.357454
0.049500 -28.919281
0.049550 46.751819
0.049600 -13.457673
0.049650 -10.994509
0.049700 2.934203
0.049750 4.567411
0.049800 1.161156
0.049850 -6.538319
0.049900 -0.486239
0.049950 14.982786
0.050000 -8.175447
0.050050 -22.253043
0.050100 28.241925
0.050150 -6.460435
0.050200 15.643429
0.050250 -41.414019
0.050300 11.803130
0.050350 38.268458
0.050400 -28.806442
0.050450 6.942725
0.050500 -37.227634
0.050550 50.262994
0.050600 2.263156
0.050650 -34.103232
0.050700 7.772611
0.050750 -1.923501
0.050800 28.848381
0.050850 -21.003608
0.050900 -8.325241
0.050950 0.676537
0.051000 20.486659
0.051050 -12.573832
0.051100 -4.513036
0.051150 12.705310
0.051200 -22.231720
0.051250 23.164990
0.051300 -10.722570
0.051350 5.740106
0.051400 3.273084
0.051450 -34.454761
0.051500 39.334899
0.051550 9.515239
0.051600 -36.406184
0.051650 6.379821
0.051700 -1.194871
0.051750 35.063860
0.051800 -12.252860
0.051850 -52.900228
0.051900 41.595322
0.051950 20.519282
0.052000 -13.609893
0.052050 -24.559348
0.052100 -5.822064
0.052150 39.714730
0.052200 7.633595
0.052250 -49.782683
0.052300 10.508434
0.052350 27.180682
0.052400 -8.935588
0.052450 3.950960
0.052500 -34.108103
0.052550 36.232283
0.052600 -2.490009
0.052650 -20.105744
0.052700 22.448491
0.052750 -18.544358
0.052800 13.246233
0.052850 -14.038337
0.052900 11.351888
0.052950 9.680307
0.053000 -18.272513
0.053050 -7.248821
0.053100 17.728717
0.053150 6.492615
0.053200 -7.846859
0.053250 -13.901758
0.053300 -6.777591
0.053350 47.170696
0.053400 -36.355997
0.053450 5.819579
0.053500 -8.391505
0.053550 2.076287
0.053600 37.708112
0.053650 -53.542882
0.053700 30.934741
0.053750 -14.454181
0.053800 4.582602
0.053850 15.269469
0.053900 -23.290621
0.053950 16.839938
0.054000 -16.200827
0.054050 9.203609
0.054100 3.380569
0.054150 9.662416
0.054200 -22.836923
0.054250 -5.174463
0.054300 24.196637
0.054350 1.857236
0.054400 -0.587402
0.054450 -40.475133
0.054500 23.352372
0.054550 38.221970
0.054600 -27.383941
0.054650 -23.440062
0.054700 2.639519
0.054750 32.911894
0.054800 10.506964
0.054850 -47.721260
0.054900 -0.639293
0.054950 36.426804
0.055000 2.550272
0.055050 -21.925308
0.055100 -15.523029
0.055150 23.997001
0.055200 11.352625
0.055250 -15.551050
0.055300 -14.947339
0.055350 21.748843
0.055400 -1.620854
0.055450 -11.412465
0.055500 10.651817
0.055550 -4.342909
0.055600 2.617564
0.055650 -14.079009
0.055700 17.907280
0.055750 5.568902
0.055800 -18.485408
0.055850 -7.892134
0.055900 19.483507
0.055950 16.385960
0.056000 -32.533682
0.056050 -1.829027
0.056100 12.631053
0.056150 20.050238
0.056200 -17.823103
0.056250 -23.655962
0.056300 21.695392
0.056350 18.830088
0.056400 -19.427596
0.056450 -12.358777
0.056500 15.080855
0.056550 -0.477168
0.056600 10.933079
0.056650 -30.270897
0.056700 23.483402
0.056750 5.111336
0.056800 -27.519771
0.056850 26.060812
0.056900 -14.614617
0.056950 18.549635
0.057000 -21.298879
0.057050 -6.186622
0.057100 29.152517
0.057150 -10.306014
0.057200 -3.337354
0.057250 -18.868469
0.057300 17.346496
0.057350 19.136651
0.057400 -17.807222
0.057450 -12.342820
0.057500 -0.430059
0.057550 20.823909
0.057600 11.678445
0.057650 -35.027766
0.057700 3.263421
0.057750 10.663423
0.057800 12.028930
0.057850 1.847188
0.057900 -36.378916
0.057950 20.100845
0.058000 9.595656
0.058050 3.940962
0.058100 -15.170489
0.058150 -4.240462
0.058200 7.243566
0.058250 5.982316
0.058300 4.550177
0.058350 -19.536781
0.058400 17.919159
0.058450 -25.688360
0.058500 29.669777
0.058550 3.087556
0.058600 -28.717364
0.058650 10.867516
0.058700 -6.851464
0.058750 36.009617
0.058800 -27.413247
0.058850 -16.541097
0.058900 11.719311
0.058950 26.737196
0.059000 -13.217026
0.059050 -28.965489
0.059100 22.341597
0.059150 3.527126
0.059200 15.683592
0.059250 -41.125417
0.059300 12.525654
0.059350 30.078802
0.059400 -23.738249
0.059450 -5.752392
0.059500 3.640731
0.059550 14.361822
0.059600 -4.468044
0.059650 -16.627074
0.059700 3.465030
0.059750 30.844328
0.059800 -33.850498
0.059850 3.666898
0.059900 12.973222
0.059950 -6.355245
0.060000 12.629331
0.060050 -34.064668
0.060100 29.827689
0.060150 2.296877
0.060200 -16.939858
0.060250 5.571595
0.060300 -4.958426
0.060350 17.980938
0.060400 -13.552540
0.060450 -4.454829
0.060500 9.518222
0.060550 -5.427048
0.060600 4.978459
0.060650 -2.990832
0.060700 0.817052
0.060750 -0.691243
0.060800 -11.108781
0.060850 24.340182
0.060900 -9.748668
0.060950 -10.303002
0.061000 -1.643277
0.061050 11.014869
0.061100 15.429028
0.061150 -28.149542
0.061200 5.036969
0.061250 -5.068614
0.061300 30.590530
0.061350 -18.271288
0.061400 -14.648643
0.061450 13.006101
0.061500 -11.199788
0.061550 39.409688
0.061600 -39.938287
0.061650 2.928985
0.061700 5.038184
0.061750 7.269433
0.061800 13.518862
0.061850 -29.540251
0.061900 2.196016
0.061950 7.271337
0.062000 26.770508
0.062050 -36.127553
0.062100 9.545146
0.062150 -5.589853
0.062200 14.580417
0.062250 11.940711
0.062300 -47.946275
0.062350 45.115449
0.062400 -18.021870
0.062450 0.060452
0.062500 6.905620
0.062550 -12.201953
0.062600 16.923610
0.062650 -12.406627
0.062700 -7.369138
0.062750 20.819323
0.062800 -3.523546
0.062850 -22.527957
0.062900 25.439444
0.062950 -19.961596
0.063000 23.119507
0.063050 -13.293255
0.063100 -15.592298
0.063150 33.886278
0.063200 -31.310737
0.063250 22.503405
0.063300 -11.990992
0.063350 2.014852
0.063400 3.362656
0.063450 -13.483033
0.063500 25.104846
0.063550 -14.872542
0.063600 -5.803140
0.063650 0.930374
0.063700 12.576325
0.063750 3.901922
0.063800 -22.579924
0.063850 2.585378
0.063900 20.695801
0.063950 -6.212803
0.064000 -10.138982
0.064050 -4.624902
0.064100 13.064837
0.064150 7.439790
0.064200 -15.920549
0.064250 -3.080111
0.064300 8.167124
0.064350 10.151636
0.064400 -15.351668
0.064450 6.636914
0.064500 -11.237564
0.064550 14.550278
0.064600 5.494824
0.064650 -22.717158
0.064700 19.976908
0.064750 -22.444508
0.064800 26.075376
0.064850 -1.949063
0.064900 -21.890182
0.064950 8.322215
0.065000 3.660082
0.065050 16.792030
0.065100 -21.534266
0.065150 -4.729546
0.065200 4.171121
0.065250 24.512229
0.065300 -20.093862
0.065350 -10.987340
0.065400 16.712722
0.065450 -7.636225
0.065500 15.142560
0.065550 -20.722440
0.065600 7.091130
0.065650 7.362944
0.065700 -10.930786
0.065750 6.710428
0.065800 1.871714
0.065850 -3.356025
0.065900 -2.998940
0.065950 -1.185422
0.066000 9.097177
0.066050 2.638683
0.066100 -16.476658
0.066150 8.213071
0.066200 -1.502464
0.066250 12.114648
0.066300 -13.380452
0.066350 -0.313259
0.066400 9.262256
0.066450 -18.301233
0.066500 27.947520
0.066550 -17.589771
0.066600 0.274366
0.066650 1.254039
0.066700 -11.407249
0.066750 33.947435
0.066800 -20.623704
0.066850 -18.416838
0.066900 21.110776
0.066950 -4.872529
0.067000 16.320485
0.067050 -13.661728
0.067100 -30.650541
0.067150 46.371201
0.067200 -12.380475
0.067250 -0.934444
0.067300 -8.280296
0.067350 -16.227646
0.067400 42.565466
0.067450 -18.577824
0.067500 -7.307833
0.067550 -6.473037
0.067600 11.151621
0.067650 9.623142
0.067700 -5.292432
0.067750 -17.180970
0.067800 4.460232
0.067850 25.579679
0.067900 -24.059901
0.067950 10.876735
0.068000 -20.147547
0.068050 25.304057
0.068100 -0.525455
0.068150 -25.001981
0.068200 26.178328
0.068250 -21.157318
0.068300 23.801069
0.068350 -19.823867
0.068400 2.526223
0.068450 14.682050
0.068500 -21.523756
0.068550 17.865849
0.068600 -8.683179
0.068650 2.963419
0.068700 -1.152739
0.068750 -5.878716
0.068800 10.532913
0.068850 3.019271
0.068900 -16.837938
0.068950 3.697344
0.069000 15.394997
0.069050 -9.305756
0.069100 -1.212926
0.069150 -7.064585
0.069200 7.623902
0.069250 15.070950
0.069300 -27.083215
0.069350 8.589678
0.069400 16.319827
0.069450 -25.263424
0.069500 19.579202
0.069550 -10.956030
0.069600 5.405723
0.069650 9.868327
0.069700 -36.563029
0.069750 35.015535
0.069800 6.015070
0.069850 -25.561853
0.069900 4.622371
0.069950 -5.536427
0.070000 24.314449
0.070050 9.233280
0.070100 -55.929406
0.070150 27.736081
0.070200 21.145072
0.070250 -10.493425
0.070300 4.678965
0.070350 -48.215711
0.070400 51.959215
0.070450 2.823033
0.070500 -19.198517
0.070550 -1.532794
0.070600 -16.749476
0.070650 40.953342
0.070700 -16.874762
0.070750 -1.511689
0.070800 -16.761613
0.070850 16.234370
0.070900 6.320022
0.070950 -6.093469
0.071000 2.515005
0.071050 -19.183274
0.071100 22.559423
0.071150 -13.706723
0.071200 25.632432
0.071250 -28.683190
0.071300 -2.986891
0.071350 18.447769
0.071400 -5.045654
0.071450 20.489839
0.071500 -50.976957
0.071550 30.020256
0.071600 11.509446
0.071650 -7.649895
0.071700 -5.077245
0.071750 -20.553763
0.071800 34.510819
0.071850 -1.388779
0.071900 -20.630183
0.071950 -2.251702
0.072000 19.347420
0.072050 -1.506304
0.072100 -11.039964
0.072150 -5.824980
0.072200 17.686773
0.072250 1.538017
0.072300 -21.310512
0.072350 6.354694
0.072400 18.450591
0.072450 -6.780388
0.072500 -23.598692
0.072550 19.523056
0.072600 4.412016
0.072650 6.134052
0.072700 -27.932525
0.072750 0.682374
0.072800 40.397102
0.072850 -24.382965
0.072900 -10.328968
0.072950 -4.261798
0.073000 22.774135
0.073050 9.234409
0.073100 -29.884921
0.073150 -5.829590
0.073200 26.986818
0.073250 0.793948
0.073300 -12.319113
0.073350 -5.699932
0.073400 -0.179794
0.073450 19.080021
0.073500 -11.955744
0.073550 4.751915
0.073600 -13.753220
0.073650 7.294295
0.073700 3.971949
0.073750 5.477621
0.073800 1.985388
0.073850 -34.734860
0.073900 32.261413
0.073950 -5.196773
0.074000 15.572173
0.074050 -22.015778
0.074100 -24.441715
0.074150 43.683706
0.074200 0.602937
0.074250 -8.020604
0.074300 -32.323771
0.074350 17.217349
0.074400 25.484611
0.074450 3.240553
0.074500 -40.156320
0.074550 -1.848837
0.074600 39.505049
0.074650 -9.663187
0.074700 -0.308884
0.074750 -35.927156
0.074800 28.534280
0.074850 21.461209
0.074900 -28.797975
0.074950 1.383581
0.075000 -0.307724
0.075050 14.256281
0.075100 -7.027931
0.075150 -11.955351
0.075200 18.311376
0.075250 -2.891223
0.075300 -18.355996
0.075350 12.954392
0.075400 7.141576
0.075450 7.062495
0.075500 -34.422295
0.075550 10.667362
0.075600 31.037409
0.075650 -18.631713
0.075700 -5.104809
0.075750 -24.041178
0.075800 46.595815
0.075850 -5.346099
0.075900 -30.404912
0.075950 8.941402
0.076000 7.150635
0.076050 18.261962
0.076100 -30.814118
0.076150 7.295620
0.076200 8.393687
0.076250 3.566367
0.076300 -16.978771
0.076350 9.474962
0.076400 14.515997
0.076450 -25.611079
0.076500 5.502272
0.076550 8.863522
0.076600 15.609782
0.076650 -29.500135
0.076700 -5.725792
0.076750 20.537663
0.076800 24.080946
0.076850 -35.608887
0.076900 -23.392410
0.076950 45.279395
0.077000 -2.632592
0.077050 6.068931
0.077100 -53.666728
0.077150 26.860616
0.077200 44.506989
0.077250 -36.822795
0.077300 -8.264109
0.077350 -10.722661
0.077400 35.397861
0.077450 2.167262
0.077500 -23.534924
0.077550 -12.685257
0.077600 25.016910
0.077650 3.453564
0.077700 -8.996644
0.077750 4.029365
0.077800 -26.903100
0.077850 36.634728
0.077900 -10.951010
0.077950 -5.662836
0.078000 9.876016
0.078050 -26.742932
0.078100 28.344320
0.078150 -4.082459
0.078200 -3.208613
0.078250 -0.314859
0.078300 -19.627624
0.078350 26.159495
0.078400 4.358565
0.078450 -11.591860
0.078500 -13.072072
0.078550 1.765506
0.078600 29.817144
0.078650 -14.318650
0.078700 -10.868464
0.078750 -10.579671
0.078800 24.271517
0.078850 10.606611
0.078900 -31.252304
0.078950 9.349268
0.079000 -0.628659
0.079050 20.159138
0.079100 -24.027310
0.079150 0.991169
0.079200 20.120666
0.079250 -18.584441
0.079300 3.094158
0.079350 -6.877908
0.079400 31.607577
0.079450 -22.499830
0.079500 -24.733389
0.079550 28.004156
0.079600 18.498102
0.079650 -16.689416
0.079700 -28.286725
0.079750 11.435687
0.079800 36.941735
0.079850 -3.147079
0.079900 -61.117758
0.079950 38.129621
0.080000 14.477017
0.080050 1.672183
0.080100 -19.116710
0.080150 -33.034584
0.080200 69.962787
0.080250 -29.121323
0.080300 -13.593135
0.080350 8.300498
0.080400 -2.975888
0.080450 16.890122
0.080500 -17.100491
0.080550 2.457153
0.080600 6.734399
0.080650 -6.652480
0.080700 -9.727820
0.080750 33.601139
0.080800 -25.180199
0.080850 -9.300665
0.080900 14.009755
0.080950 -0.942926
0.081000 25.762072
0.081050 -49.305660
0.081100 8.401013
0.081150 34.520786
0.081200 -10.314750
0.081250 -11.259114
0.081300 -22.697568
0.081350 31.109259
0.081400 17.264913
0.081450 -31.045093
0.081500 -5.315873
0.081550 6.661029
0.081600 22.456923
0.081650 -10.009510
0.081700 -21.807842
0.081750 17.221632
0.081800 -5.342490
0.081850 17.358875
0.081900 -18.378677
0.081950 -4.542418
0.082000 17.371490
0.082050 -13.376744
0.082100 11.600121
0.082150 -13.250744
0.082200 12.663002
0.082250 -7.064366
0.082300 -4.232727
0.082350 5.473027
0.082400 6.406373
0.082450 1.500450
0.082500 -28.090223
0.082550 23.413881
0.082600 3.825636
0.082650 2.562044
0.082700 -17.840641
0.082750 -10.143697
0.082800 31.778225
0.082850 1.537816
0.082900 -23.966255
0.082950 -4.548404
0.083000 17.327283
0.083050 4.864345
0.083100 0.161699
0.083150 -29.414722
0.083200 26.430364
0.083250 -0.241505
0.083300 -12.965641
0.083350 18.369445
0.083400 -18.812054
0.083450 10.137887
0.083500 -12.649015
0.083550 18.850008
0.083600 4.879296
0.083650 -26.163193
0.083700 -0.481987
0.083750 19.800296
0.083800 15.737665
0.083850 -31.602417
0.083900 -11.303712
0.083950 22.389016
0.084000 24.389160
0.084050 -29.574176
0.084100 -17.395189
0.084150 15.932330
0.084200 27.804605
0.084250 -15.263617
0.084300 -35.928409
0.084350 32.507001
0.084400 6.908989
0.084450 -5.915404
0.084500 -14.608831
0.084550 -1.500358
0.084600 25.212725
0.084650 -8.348137
0.084700 -23.070689
0.084750 26.780505
0.084800 -11.723801
0.084850 -1.946261
0.084900 18.278798
0.084950 -37.842102
0.085000 46.718771
0.085050 -35.745433
0.085100 6.176397
0.085150 27.924243
0.085200 -43.477412
0.085250 37.545644
0.085300 -29.574330
0.085350 20.783647
0.085400 1.390192
0.085450 -20.074537
0.085500 12.862950
0.085550 0.691179
0.085600 4.160325
0.085650 -13.774004
0.085700 14.118626
0.085750 -15.813075
0.085800 19.427118
0.085850 -13.250786
0.085900 1.027374
0.085950 9.654748
0.086000 -19.257085
0.086050 22.087975
0.086100 -16.027264
0.086150 10.876475
0.086200 -4.852702
0.086250 -6.046839
0.086300 5.528919
0.086350 4.955527
0.086400 1.722943
0.086450 -12.996006
0.086500 -1.703528
0.086550 10.145644
0.086600 17.826164
0.086650 -29.914618
0.086700 1.610856
0.086750 3.967038
0.086800 18.166939
0.086850 2.080757
0.086900 -42.303254
0.086950 24.871266
0.087000 11.936270
0.087050 0.178096
0.087100 -11.727002
0.087150 -20.795506
0.087200 31.314782
0.087250 7.954679
0.087300 -28.606527
0.087350 10.975164
0.087400 -2.041610
0.087450 3.335920
0.087500 10.244549
0.087550 -21.786045
0.087600 14.471293
0.087650 -2.015087
0.087700 -10.130783
0.087750 19.723645
0.087800 -9.808005
0.087850 -14.317838
0.087900 24.681620
0.087950 -20.193266
0.088000 15.096544
0.088050 0.110964
0.088100 -30.824948
0.088150 50.548838
0.088200 -39.833790
0.088250 14.898369
0.088300 2.573504
0.088350 -14.769177
0.088400 32.069246
0.088450 -43.624663
0.088500 29.996417
0.088550 -4.960127
0.088600 0.777614
0.088650 -8.472570
0.088700 -4.272187
0.088750 24.178088
0.088800 -19.845522
0.088850 9.013345
0.088900 -16.837294
0.088950 19.984670
0.089000 -2.374856
0.089050 -6.762712
0.089100 -2.105410
0.089150 0.263849
0.089200 13.393683
0.089250 -12.800932
0.089300 4.935499
0.089350 -12.856240
0.089400 22.394920
0.089450 -10.567836
0.089500 -6.060783
0.089550 5.328799
0.089600 -3.069118
0.089650 14.524404
0.089700 -17.478330
0.089750 1.738918
0.089800 1.151208
0.089850 15.806175
0.089900 -14.126269
0.089950 -7.273307
0.090000 6.693752
0.090050 6.444183
0.090100 8.483185
0.090150 -27.078280
0.090200 10.620007
0.090250 7.158047
0.090300 2.969247
0.090350 -5.223953
0.090400 -8.969409
0.090450 3.037658
0.090500 9.860669
0.090550 3.640012
0.090600 -14.996412
0.090650 1.950234
0.090700 -0.012947
0.090750 12.074207
0.090800 -0.649991
0.090850 -17.439687
0.090900 6.410492
0.090950 8.168207
0.091000 -3.452430
0.091050 6.516312
0.091100 -18.400328
0.091150 8.270193
0.091200 12.920435
0.091250 -17.178290
0.091300 14.461026
0.091350 -16.435813
0.091400 13.171320
0.091450 -5.542542
0.091500 -0.515295
0.091550 9.477427
0.091600 -16.096485
0.091650 15.363350
0.091700 -19.692909
0.091750 25.645060
0.091800 -14.269665
0.091850 -4.543868
0.091900 14.792801
0.091950 -26.729942
0.092000 33.130748
0.092050 -12.703677
0.092100 -8.883731
0.092150 4.556129
0.092200 -6.269378
0.092250 22.531965
0.092300 -6.926043
0.092350 -26.531783
0.092400 15.916067
0.092450 13.344603
0.092500 -3.602510
0.092550 -7.160232
0.092600 -20.021906
0.092650 27.779885
0.092700 8.854842
0.092750 -21.294169
0.092800 -7.265452
0.092850 13.287068
0.092900 8.898088
0.092950 -7.395696
0.093000 -11.314008
0.093050 4.510960
0.093100 16.505718
0.093150 -17.491424
0.093200 6.080622
0.093250 -3.103195
0.093300 3.287782
0.093350 0.939153
0.093400 -3.005614
0.093450 3.740042
0.093500 -9.643338
0.093550 12.605656
0.093600 -7.494189
0.093650 8.384071
0.093700 -14.381721
0.093750 3.830711
0.093800 13.323503
0.093850 -7.353271
0.093900 -3.472753
0.093950 -11.244745
0.094000 21.033251
0.094050 -0.212917
0.094100 -6.980749
0.094150 -17.877497
0.094200 21.661534
0.094250 4.833911
0.094300 -9.707272
0.094350 -3.396150
0.094400 -8.075728
0.094450 26.447306
0.094500 -20.533784
0.094550 13.447472
0.094600 -19.342643
0.094650 13.182467
0.094700 6.710631
0.094750 -19.818376
0.094800 27.418972
0.094850 -34.316270
0.094900 33.030206
0.094950 -21.182424
0.095000 -3.170369
0.095050 32.345726
0.095100 -36.237702
0.095150 15.533291
0.095200 -10.481047
0.095250 12.456623
0.095300 15.114674
0.095350 -31.598686
0.095400 -4.009652
0.095450 26.105116
0.095500 3.852619
0.095550 -12.044216
0.095600 -15.842954
0.095650 1.277749
0.095700 36.881557
0.095750 -14.809045
0.095800 -29.008960
0.095850 18.500037
0.095900 6.025020
0.095950 1.338654
0.096000 -0.873156
0.096050 -19.146468
0.096100 21.008309
0.096150 -9.749347
0.096200 1.411686
0.096250 18.279384
0.096300 -29.469839
0.096350 5.371999
0.096400 9.043391
0.096450 13.584831
0.096500 -14.332196
0.096550 -17.787009
0.096600 10.513385
0.096650 27.533130
0.096700 -12.957732
0.096750 -32.836378
0.096800 24.324443
0.096850 9.384674
0.096900 9.824259
0.096950 -41.845835
0.097000 11.743076
0.097050 34.335866
0.097100 -20.960875
0.097150 -9.980555
0.097200 -8.837791
0.097250 36.267486
0.097300 -13.989294
0.097350 -15.711348
0.097400 1.293163
0.097450 19.425219
0.097500 -5.958416
0.097550 -11.498512
0.097600 7.933614
0.097650 -7.907032
0.097700 25.110563
0.097750 -39.230346
0.097800 33.101561
0.097850 -9.346135
0.097900 -14.354266
0.097950 25.379603
0.098000 -37.325854
0.098050 53.822043
0.098100 -40.556351
0.098150 -4.869094
0.098200 28.724291
0.098250 -21.052233
0.098300 24.044780
0.098350 -27.803344
0.098400 1.162388
0.098450 18.810143
0.098500 -3.609668
0.098550 -5.795951
0.098600 0.058763
0.098650 -12.179951
0.098700 18.886025
0.098750 7.774771
0.098800 -24.075523
0.098850 11.142590
0.098900 -8.115056
0.098950 8.549193
0.099000 9.813255
0.099050 -10.753257
0.099100 -8.197613
0.099150 -1.042798
0.099200 10.973749
0.099250 18.250965
0.099300 -20.108427
0.099350 -26.710071
0.099400 24.417755
0.099450 21.512678
0.099500 -2.141693
0.099550 -40.771898
0.099600 4.408551
0.099650 33.834673
0.099700 8.507165
0.099750 -28.867120
0.099800 -25.407655
0.099850 41.441579
0.099900 4.961338
0.099950 -12.564288
0.100000 -16.435937
0.100050 7.218252
0.100100 17.405156
0.100150 -11.028957
0.100200 1.582881
0.100250 -6.318177
0.100300 3.105969
0.100350 1.020735
0.100400 6.562830
0.100450 -5.898678
0.100500 -5.823273
0.100550 6.581501
0.100600 0.677803
0.100650 -0.600531
0.100700 -2.923694
0.100750 5.129815
0.100800 -7.447911
0.100850 4.951173
0.100900 1.337725
0.100950 -2.232806
0.101000 -0.622198
0.101050 0.477061
0.101100 1.557547
0.101150 -3.590043
0.101200 4.236603
0.101250 -2.023061
0.101300 2.596145
0.101350 -7.319441
0.101400 5.740551
0.101450 1.959453
0.101500 -4.565307
0.101550 3.393855
0.101600 -1.949308
0.101650 -3.241549
0.101700 2.410605
0.101750 10.498576
0.101800 -14.333316
0.101850 3.171402
0.101900 0.205815
0.101950 1.714131
0.102000 5.855643
0.102050 -5.013379
0.102100 -6.625776
0.102150 0.353009
0.102200 9.981589
0.102250 -1.127330
0.102300 12.300298
0.102350 -46.083151
