0.000000 32.070052
0.000050 55.868099
0.000100 -57.857359
0.000150 3.828085
0.000200 -19.207952
0.000250 52.841771
0.000300 12.475505
0.000350 -95.396119
0.000400 64.101309
0.000450 7.509304
0.000500 -4.604022
0.000550 -5.113881
0.000600 -51.657434
0.000650 82.341563
0.000700 -24.600088
0.000750 -27.773964
0.000800 23.283970
0.000850 -29.707327
0.000900 53.332564
0.000950 -27.466213
0.001000 -21.691480
0.001050 24.044933
0.001100 -14.034923
0.001150 36.592758
0.001200 -33.263496
0.001250 -19.898032
0.001300 36.997222
0.001350 0.964929
0.001400 -3.467669
0.001450 -32.776123
0.001500 16.569295
0.001550 35.225289
0.001600 -27.062589
0.001650 -15.782467
0.001700 5.631335
0.001750 24.518469
0.001800 -1.899689
0.001850 -30.985097
0.001900 13.871900
0.001950 10.547533
0.002000 -0.891642
0.002050 -2.989226
0.002100 -16.587619
0.002150 18.593927
0.002200 -0.395786
0.002250 -4.224658
0.002300 6.001078
0.002350 -23.210283
0.002400 24.380066
0.002450 2.486106
0.002500 -15.181344
0.002550 6.601487
0.002600 -15.314855
0.002650 30.293049
0.002700 -10.182323
0.002750 -21.105162
0.002800 19.575513
0.002850 -8.886481
0.002900 18.030725
0.002950 -16.138902
0.003000 -9.642575
0.003050 18.593687
0.003100 -6.631926
0.003150 11.659599
0.003200 -21.401062
0.003250 1.912909
0.003300 16.165073
0.003350 -1.520452
0.003400 -2.543754
0.003450 -26.177225
0.003500 30.175738
0.003550 5.792594
0.003600 -16.844402
0.003650 -3.090659
0.003700 -10.099002
0.003750 43.060060
0.003800 -24.897799
0.003850 -20.858465
0.003900 23.201321
0.003950 -8.156461
0.004000 27.303101
0.004050 -35.287839
0.004100 -8.372558
0.004150 40.139426
0.004200 -20.371789
0.004250 8.724098
0.004300 -23.650322
0.004350 3.144917
0.004400 43.407018
0.004450 -36.399911
0.004500 -8.282211
0.004550 10.285169
0.004600 8.591692
0.004650 17.224265
0.004700 -42.558565
0.004750 2.961749
0.004800 40.984885
0.004850 -20.409217
0.004900 -9.140447
0.004950 -5.785470
0.005000 9.841089
0.005050 27.496549
0.005100 -38.835663
0.005150 0.836008
0.005200 21.218713
0.005250 -11.690822
0.005300 18.121532
0.005350 -28.835983
0.005400 1.563151
0.005450 27.843245
0.005500 -15.654056
0.005550 6.038095
0.005600 -27.117351
0.005650 17.759875
0.005700 32.911426
0.005750 -37.803750
0.005800 -10.485846
0.005850 11.515077
0.005900 35.109302
0.005950 -20.521804
0.006000 -43.329674
0.006050 35.430178
0.006100 26.040071
0.006150 -13.850517
0.006200 -47.952044
0.006250 28.674210
0.006300 44.517140
0.006350 -41.136874
0.006400 -14.103960
0.006450 2.975744
0.006500 44.086439
0.006550 -17.620844
0.006600 -48.510244
0.006650 49.284248
0.006700 -5.890092
0.006750 -0.102055
0.006800 -13.523171
0.006850 -9.051168
0.006900 42.937920
0.006950 -40.412465
0.007000 14.011089
0.007050 7.267188
0.007100 -21.136406
0.007150 26.044672
0.007200 -21.222181
0.007250 19.710357
0.007300 -15.574483
0.007350 -11.410881
0.007400 37.991633
0.007450 -25.901292
0.007500 2.075609
0.007550 -9.696151
0.007600 16.482164
0.007650 16.239605
0.007700 -41.987205
0.007750 19.932503
0.007800 0.782433
0.007850 11.140766
0.007900 -3.746986
0.007950 -35.138008
0.008000 40.311956
0.008050 -6.652730
0.008100 -2.254743
0.008150 -4.592848
0.008200 -26.370735
0.008250 54.933877
0.008300 -19.452962
0.008350 -25.298661
0.008400 16.244189
0.008450 -9.821778
0.008500 45.172296
0.008550 -42.227253
0.008600 -27.091646
0.008650 60.765555
0.008700 -24.242358
0.008750 7.881549
0.008800 -25.466093
0.008850 -6.568128
0.008900 68.514932
0.008950 -59.991112
0.009000 1.737831
0.009050 15.948284
0.009100 -15.510616
0.009150 51.497574
0.009200 -65.925373
0.009250 10.728140
0.009300 37.865164
0.009350 -32.170592
0.009400 35.700231
0.009450 -58.307763
0.009500 23.832160
0.009550 47.853595
0.009600 -56.051357
0.009650 18.203394
0.009700 -23.187463
0.009750 37.023494
0.009800 15.644220
0.009850 -70.348192
0.009900 40.886908
0.009950 7.745347
0.010000 4.081473
0.010050 -16.387793
0.010100 -26.858656
0.010150 54.434984
0.010200 -17.700975
0.010250 -14.455666
0.010300 1.262539
0.010350 2.902892
0.010400 22.239342
0.010450 -28.331197
0.010500 7.894630
0.010550 1.063103
0.010600 -0.788404
0.010650 12.684156
0.010700 -19.326775
0.010750 8.559083
0.010800 -4.957360
0.010850 9.672743
0.010900 4.917718
0.010950 -25.102731
0.011000 15.173871
0.011050 5.928926
0.011100 -1.288342
0.011150 -8.606818
0.011200 -6.098103
0.011250 18.940563
0.011300 -4.073628
0.011350 -10.519300
0.011400 2.705513
0.011450 5.512434
0.011500 -2.006950
0.011550 2.016322
0.011600 -3.757429
0.011650 -4.329146
0.011700 9.110404
0.011750 -3.096309
0.011800 6.404286
0.011850 -15.733823
0.011900 -0.600770
0.011950 29.152535
0.012000 -22.034603
0.012050 -7.383311
0.012100 4.966968
0.012150 13.994590
0.012200 5.342741
0.012250 -38.243577
0.012300 20.806373
0.012350 21.676865
0.012400 -19.093012
0.012450 -10.747564
0.012500 3.607652
0.012550 23.899336
0.012600 -13.199356
0.012650 -18.814130
0.012700 15.500278
0.012750 12.724920
0.012800 -15.233018
0.012850 -7.435193
0.012900 17.199401
0.012950 -7.155337
0.013000 -0.034391
0.013050 -4.542197
0.013100 7.576733
0.013150 5.694703
0.013200 -28.768987
0.013250 31.574506
0.013300 -2.001569
0.013350 -23.284731
0.013400 14.650660
0.013450 -5.747734
0.013500 26.465568
0.013550 -31.200671
0.013600 -15.125274
0.013650 50.121924
0.013700 -21.204991
0.013750 -10.593021
0.013800 -8.686036
0.013850 16.884417
0.013900 29.055334
0.013950 -49.481757
0.014000 -0.592786
0.014050 32.316689
0.014100 1.367182
0.014150 -14.671231
0.014200 -25.040052
0.014250 26.749384
0.014300 26.361298
0.014350 -32.291679
0.014400 -19.017458
0.014450 24.512783
0.014500 17.132388
0.014550 -10.142220
0.014600 -28.981073
0.014650 8.068130
0.014700 39.433810
0.014750 -21.943343
0.014800 -20.837058
0.014850 8.712608
0.014900 13.076589
0.014950 14.855892
0.015000 -33.709760
0.015050 -1.413324
0.015100 24.491701
0.015150 -3.837388
0.015200 0.526541
0.015250 -21.066029
0.015300 6.086352
0.015350 24.225463
0.015400 -8.465972
0.015450 -15.146047
0.015500 -8.224909
0.015550 22.319044
0.015600 15.643918
0.015650 -27.856529
0.015700 -19.673357
0.015750 31.726694
0.015800 19.380443
0.015850 -29.944844
0.015900 -18.440707
0.015950 19.267996
0.016000 32.992869
0.016050 -28.856482
0.016100 -29.260630
0.016150 34.036770
0.016200 10.333429
0.016250 -10.734334
0.016300 -22.723452
0.016350 13.231876
0.016400 23.223536
0.016450 -24.507134
0.016500 4.018523
0.016550 -1.232888
0.016600 4.296464
0.016650 2.089913
0.016700 -6.301731
0.016750 12.715249
0.016800 -26.361274
0.016850 18.995946
0.016900 12.141868
0.016950 -19.930819
0.017000 1.676444
0.017050 -12.052178
0.017100 42.752286
0.017150 -24.660319
0.017200 -30.624815
0.017250 42.893022
0.017300 -14.272863
0.017350 12.469363
0.017400 -28.383736
0.017450 2.933332
0.017500 44.535945
0.017550 -50.944120
0.017600 21.280551
0.017650 1.179001
0.017700 -13.649007
0.017750 27.708724
0.017800 -32.268380
0.017850 23.663295
0.017900 -9.631717
0.017950 -15.864971
0.018000 43.217021
0.018050 -34.241704
0.018100 -6.612421
0.018150 21.201110
0.018200 -1.640238
0.018250 4.541786
0.018300 -30.662489
0.018350 15.780065
0.018400 34.836204
0.018450 -40.904144
0.018500 -6.120058
0.018550 28.617196
0.018600 -5.344356
0.018650 -3.489155
0.018700 -19.879976
0.018750 21.717633
0.018800 17.817121
0.018850 -46.963588
0.018900 26.815058
0.018950 12.558961
0.019000 -22.545880
0.019050 6.595386
0.019100 -7.894689
0.019150 31.348881
0.019200 -26.198574
0.019250 -23.117838
0.019300 50.631814
0.019350 -15.664674
0.019400 -17.866573
0.019450 -4.393048
0.019500 23.001104
0.019550 17.386770
0.019600 -49.857719
0.019650 10.641609
0.019700 31.525403
0.019750 -5.876430
0.019800 -24.320634
0.019850 -7.649290
0.019900 38.598590
0.019950 -6.362785
0.020000 -25.818387
0.020050 1.128055
0.020100 19.447484
0.020150 10.719316
0.020200 -29.543308
0.020250 -0.826962
0.020300 18.640886
0.020350 4.491555
0.020400 -9.369192
0.020450 -18.240636
0.020500 16.849257
0.020550 16.440790
0.020600 -16.775711
0.020650 -12.635128
0.020700 9.492659
0.020750 14.639257
0.020800 -1.807487
0.020850 -24.492018
0.020900 5.754592
0.020950 27.925997
0.021000 -18.039974
0.021050 -6.792525
0.021100 -0.670929
0.021150 7.997666
0.021200 18.149622
0.021250 -34.503582
0.021300 11.190062
0.021350 10.067128
0.021400 -9.120401
0.021450 19.242532
0.021500 -34.659545
0.021550 14.714411
0.021600 18.459463
0.021650 -16.960789
0.021700 8.041660
0.021750 -28.681542
0.021800 31.209250
0.021850 16.838648
0.021900 -43.866600
0.021950 8.293710
0.022000 13.162923
0.022050 18.494728
0.022100 -23.232433
0.022150 -26.969274
0.022200 40.407699
0.022250 9.783022
0.022300 -28.707196
0.022350 -11.746883
0.022400 25.265565
0.022450 10.341776
0.022500 -19.681723
0.022550 -10.139027
0.022600 13.673010
0.022650 15.402389
0.022700 -23.458114
0.022750 5.214512
0.022800 6.693418
0.022850 -11.512261
0.022900 16.950261
0.022950 -11.051404
0.023000 0.634884
0.023050 -2.926036
0.023100 -1.501512
0.023150 26.029560
0.023200 -29.135091
0.023250 -7.478434
0.023300 26.705826
0.023350 -1.391503
0.023400 -10.829872
0.023450 -14.010354
0.023500 17.589462
0.023550 16.400654
0.023600 -25.153842
0.023650 -7.722504
0.023700 24.000819
0.023750 -5.611732
0.023800 -6.385412
0.023850 2.417633
0.023900 -7.243944
0.023950 17.105274
0.024000 -14.783120
0.024050 5.647297
0.024100 8.070681
0.024150 -30.261324
0.024200 36.451245
0.024250 -8.407767
0.024300 -17.199847
0.024350 11.306160
0.024400 -10.554243
0.024450 36.181589
0.024500 -37.215416
0.024550 -9.432058
0.024600 42.035639
0.024650 -24.676279
0.024700 6.431126
0.024750 -17.587679
0.024800 17.714196
0.024850 14.131596
0.024900 -38.765198
0.024950 29.750266
0.025000 -7.327183
0.025050 -4.891867
0.025100 4.704341
0.025150 -4.571335
0.025200 19.093193
0.025250 -35.606596
0.025300 18.716227
0.025350 21.265923
0.025400 -26.257618
0.025450 -2.743336
0.025500 -2.500106
0.025550 38.933206
0.025600 -24.248217
0.025650 -36.003778
0.025700 43.037020
0.025750 5.080592
0.025800 -9.940397
0.025850 -27.354510
0.025900 11.675548
0.025950 44.021014
0.026000 -38.640805
0.026050 -15.212621
0.026100 21.632787
0.026150 7.980181
0.026200 3.684936
0.026250 -31.465676
0.026300 7.498801
0.026350 31.493056
0.026400 -20.654501
0.026450 -5.614878
0.026500 -1.446428
0.026550 4.828266
0.026600 23.930074
0.026650 -32.977563
0.026700 -2.228341
0.026750 25.136566
0.026800 -10.943350
0.026850 6.953477
0.026900 -24.049082
0.026950 13.321607
0.027000 27.065923
0.027050 -39.164896
0.027100 11.101649
0.027150 7.995030
0.027200 -1.632169
0.027250 3.849573
0.027300 -23.362048
0.027350 26.388326
0.027400 -0.142299
0.027450 -23.624681
0.027500 18.351010
0.027550 1.133439
0.027600 -6.169354
0.027650 -2.682176
0.027700 1.694776
0.027750 11.622815
0.027800 -10.317700
0.027850 -13.256038
0.027900 25.232768
0.027950 -3.674449
0.028000 -21.540839
0.028050 18.004709
0.028100 -3.314726
0.028150 6.215635
0.028200 -11.598987
0.028250 -7.646709
0.028300 34.531772
0.028350 -32.534654
0.028400 4.343573
0.028450 16.565144
0.028500 -17.645442
0.028550 15.596218
0.028600 -21.134806
0.028650 21.551474
0.028700 -1.591559
0.028750 -28.289583
0.028800 36.716327
0.028850 -14.349363
0.028900 -5.358275
0.028950 -2.816130
0.029000 8.531662
0.029050 19.686523
0.029100 -43.926761
0.029150 16.826562
0.029200 22.337509
0.029250 -10.674557
0.029300 -17.187085
0.029350 -7.935745
0.029400 48.438906
0.029450 -24.037398
0.029500 -29.075406
0.029550 22.238007
0.029600 14.293553
0.029650 4.849540
0.029700 -44.841198
0.029750 19.002234
0.029800 35.101482
0.029850 -28.538806
0.029900 -7.582079
0.029950 -2.668820
0.030000 25.022698
0.030050 1.934257
0.030100 -33.511959
0.030150 13.956999
0.030200 12.006587
0.030250 -1.512293
0.030300 -3.308722
0.030350 -16.938450
0.030400 12.077756
0.030450 19.775135
0.030500 -19.444006
0.030550 -6.600922
0.030600 2.432423
0.030650 10.968325
0.030700 16.630672
0.030750 -42.053117
0.030800 8.779824
0.030850 31.016229
0.030900 -17.974088
0.030950 1.080273
0.031000 -24.510422
0.031050 30.159627
0.031100 16.658946
0.031150 -47.401643
0.031200 23.157555
0.031250 -0.716102
0.031300 8.138435
0.031350 -0.554037
0.031400 -29.355069
0.031450 34.219094
0.031500 -10.547654
0.031550 -3.464542
0.031600 6.625321
0.031650 -16.522670
0.031700 19.182199
0.031750 -6.748747
0.031800 2.067262
0.031850 -5.697406
0.031900 -5.643146
0.031950 18.963453
0.032000 -7.811810
0.032050 -4.382778
0.032100 -10.027441
0.032150 18.961296
0.032200 5.416352
0.032250 -24.985270
0.032300 11.418027
0.032350 -1.440540
0.032400 15.286531
0.032450 -13.071946
0.032500 -18.875523
0.032550 34.355137
0.032600 -14.822261
0.032650 -1.795710
0.032700 -0.135214
0.032750 -7.293483
0.032800 27.789232
0.032850 -28.179232
0.032900 0.642230
0.032950 22.116600
0.033000 -19.940251
0.033050 10.200494
0.033100 -10.406236
0.033150 6.715197
0.033200 17.260818
0.033250 -37.787356
0.033300 19.596155
0.033350 17.269123
0.033400 -21.665207
0.033450 3.398656
0.033500 -13.710652
0.033550 33.970624
0.033600 -2.330045
0.033650 -50.427902
0.033700 38.891594
0.033750 11.543203
0.033800 -8.321885
0.033850 -22.734292
0.033900 -9.385760
0.033950 63.017397
0.034000 -34.280239
0.034050 -31.694877
0.034100 24.226333
0.034150 15.794379
0.034200 11.794432
0.034250 -56.677924
0.034300 22.656867
0.034350 35.321541
0.034400 -25.396766
0.034450 -3.537189
0.034500 -19.805886
0.034550 41.963867
0.034600 -7.649202
0.034650 -27.989650
0.034700 22.965981
0.034750 -21.189680
0.034800 33.908165
0.034850 -15.373460
0.034900 -20.539940
0.034950 23.036588
0.035000 -17.557308
0.035050 40.256771
0.035100 -36.859449
0.035150 -23.219006
0.035200 54.160102
0.035250 -14.178461
0.035300 -3.908436
0.035350 -34.813071
0.035400 26.608909
0.035450 49.828657
0.035500 -65.558063
0.035550 -8.169547
0.035600 35.528440
0.035650 17.870339
0.035700 -23.695894
0.035750 -41.427930
0.035800 46.035206
0.035850 28.138572
0.035900 -46.029384
0.035950 -16.323770
0.036000 35.232240
0.036050 12.841652
0.036100 -21.775025
0.036150 -21.198795
0.036200 20.265473
0.036250 29.016481
0.036300 -37.515703
0.036350 -1.111146
0.036400 16.354891
0.036450 -5.513405
0.036500 15.195452
0.036550 -30.324169
0.036600 12.151146
0.036650 15.553221
0.036700 -18.984156
0.036750 18.211428
0.036800 -26.431899
0.036850 13.251182
0.036900 20.992001
0.036950 -29.638635
0.037000 8.855053
0.037050 -3.743668
0.037100 14.730626
0.037150 -0.361685
0.037200 -29.155688
0.037250 24.328252
0.037300 7.379694
0.037350 -14.473731
0.037400 -4.289400
0.037450 6.331744
0.037500 11.206202
0.037550 -12.247166
0.037600 -7.440122
0.037650 14.650267
0.037700 2.230013
0.037750 -16.345093
0.037800 7.000271
0.037850 9.790580
0.037900 -8.202470
0.037950 -5.425124
0.038000 2.960990
0.038050 14.111081
0.038100 -12.632831
0.038150 -10.733483
0.038200 17.201850
0.038250 3.269664
0.038300 -10.784739
0.038350 -8.218953
0.038400 14.893996
0.038450 4.233498
0.038500 -11.741079
0.038550 -3.607150
0.038600 6.074329
0.038650 12.256695
0.038700 -17.107035
0.038750 1.384340
0.038800 7.350922
0.038850 -5.411834
0.038900 10.552335
0.038950 -16.787287
0.039000 8.716732
0.039050 4.880544
0.039100 -12.000607
0.039150 16.673250
0.039200 -16.692868
0.039250 4.546800
0.039300 8.243988
0.039350 -10.181658
0.039400 12.405589
0.039450 -16.090045
0.039500 2.589431
0.039550 17.211741
0.039600 -11.033889
0.039650 -6.323727
0.039700 -1.581439
0.039750 11.644387
0.039800 11.068109
0.039850 -24.856183
0.039900 -10.586542
0.039950 36.575678
0.040000 -3.324009
0.040050 -23.822420
0.040100 -4.310145
0.040150 14.837649
0.040200 32.989570
0.040250 -48.462738
0.040300 -11.883863
0.040350 48.489642
0.040400 -12.041352
0.040450 -6.583880
0.040500 -29.244491
0.040550 29.052563
0.040600 31.355731
0.040650 -55.887817
0.040700 16.272561
0.040750 7.380967
0.040800 6.427627
0.040850 0.910116
0.040900 -31.072201
0.040950 32.947633
0.041000 -10.684769
0.041050 -0.770143
0.041100 8.722815
0.041150 -21.218957
0.041200 16.197593
0.041250 -2.909354
0.041300 12.740651
0.041350 -20.362250
0.041400 -10.610969
0.041450 36.351370
0.041500 -11.907888
0.041550 -8.858494
0.041600 -20.067487
0.041650 33.497496
0.041700 15.847712
0.041750 -52.768334
0.041800 22.206970
0.041850 7.534192
0.041900 12.082421
0.041950 -17.550598
0.042000 -27.634651
0.042050 55.345914
0.042100 -24.652416
0.042150 -10.621193
0.042200 12.864296
0.042250 -12.933621
0.042300 27.371172
0.042350 -29.343316
0.042400 8.692764
0.042450 15.370123
0.042500 -29.008172
0.042550 26.300456
0.042600 -7.568365
0.042650 -7.848329
0.042700 6.782401
0.042750 -8.104969
0.042800 20.459935
0.042850 -15.478007
0.042900 -12.392137
0.042950 22.606997
0.043000 -4.005042
0.043050 -4.972241
0.043100 -3.771099
0.043150 -1.583950
0.043200 15.912762
0.043250 -7.624834
0.043300 -8.486875
0.043350 3.707897
0.043400 -0.083491
0.043450 15.293376
0.043500 -13.023912
0.043550 -14.914196
0.043600 16.083242
0.043650 11.660485
0.043700 -4.285102
0.043750 -31.058065
0.043800 17.569337
0.043850 29.896146
0.043900 -23.025664
0.043950 -18.952945
0.044000 2.875848
0.044050 43.350683
0.044100 -19.334457
0.044150 -42.541533
0.044200 36.089781
0.044250 10.710187
0.044300 -0.728399
0.044350 -33.208476
0.044400 2.271489
0.044450 52.006040
0.044500 -39.545518
0.044550 -6.222248
0.044600 9.465287
0.044650 1.970168
0.044700 21.991743
0.044750 -41.234666
0.044800 14.347452
0.044850 16.772608
0.044900 -17.722604
0.044950 18.226810
0.045000 -26.284103
0.045050 8.016611
0.045100 24.229963
0.045150 -23.677198
0.045200 3.359559
0.045250 -5.167141
0.045300 9.076901
0.045350 17.706295
0.045400 -37.047234
0.045450 8.541278
0.045500 26.668622
0.045550 -21.352797
0.045600 3.958346
0.045650 -9.436084
0.045700 11.299038
0.045750 14.749968
0.045800 -37.702644
0.045850 27.892266
0.045900 -0.944116
0.045950 -18.597415
0.046000 25.103738
0.046050 -21.117157
0.046100 14.832320
0.046150 -12.060969
0.046200 -1.597277
0.046250 32.471401
0.046300 -44.371919
0.046350 13.017569
0.046400 16.628274
0.046450 -4.262677
0.046500 -6.839482
0.046550 -25.057559
0.046600 48.039553
0.046650 -11.932615
0.046700 -28.541861
0.046750 13.873098
0.046800 9.171914
0.046850 16.130643
0.046900 -45.062995
0.046950 19.613577
0.047000 23.870152
0.047050 -27.521285
0.047100 9.756973
0.047150 -13.841908
0.047200 28.145363
0.047250 -16.879996
0.047300 -18.070853
0.047350 42.772005
0.047400 -34.160379
0.047450 6.042081
0.047500 6.660786
0.047550 0.242181
0.047600 9.629567
0.047650 -40.856580
0.047700 39.638122
0.047750 8.988200
0.047800 -36.621674
0.047850 9.725258
0.047900 7.453512
0.047950 20.190651
0.048000 -28.659686
0.048050 -13.347118
0.048100 35.890760
0.048150 -3.530685
0.048200 -18.477237
0.048250 -4.951314
0.048300 19.688887
0.048350 0.925254
0.048400 -12.667190
0.048450 -0.781678
0.048500 4.615734
0.048550 8.078332
0.048600 -12.741158
0.048650 8.314969
0.048700 -2.991172
0.048750 -10.556882
0.048800 21.937609
0.048850 -9.908203
0.048900 -5.807957
0.048950 -1.287998
0.049000 2.891293
0.049050 22.628407
0.049100 -28.233564
0.049150 -9.258756
0.049200 28.642341
0.049250 -3.148764
0.049300 -5.352959
0.049350 -18.008260
0.049400 6.721028
0.049450 35.589378
0.049500 -28.524133
0.049550 -16.808402
0.049600 17.130475
0.049650 7.901063
0.049700 15.281591
0.049750 -42.412910
0.049800 -0.621380
0.049850 48.317142
0.049900 -20.284671
0.049950 -13.132611
0.050000 -17.187172
0.050050 29.391919
0.050100 30.496570
0.050150 -59.991352
0.050200 5.387246
0.050250 27.087837
0.050300 10.038819
0.050350 -15.990802
0.050400 -37.443777
0.050450 45.667363
0.050500 9.088860
0.050550 -25.003706
0.050600 -9.030213
0.050650 5.595814
0.050700 31.513231
0.050750 -26.214612
0.050800 -6.498950
0.050850 5.011927
0.050900 6.400155
0.050950 14.960053
0.051000 -31.468960
0.051050 12.627891
0.051100 -0.288802
0.051150 7.910655
0.051200 8.925131
0.051250 -41.343821
0.051300 31.958835
0.051350 4.165581
0.051400 -8.348465
0.051450 -0.895244
0.051500 -23.806005
0.051550 46.806618
0.051600 -17.663924
0.051650 -23.744717
0.051700 23.969725
0.051750 -10.270151
0.051800 18.082292
0.051850 -20.213692
0.051900 -4.464116
0.051950 25.243489
0.052000 -22.235879
0.052050 11.269792
0.052100 0.980193
0.052150 -14.685545
0.052200 13.299312
0.052250 0.874913
0.052300 1.085526
0.052350 -11.117383
0.052400 -7.062343
0.052450 30.788279
0.052500 -7.478572
0.052550 -32.161132
0.052600 18.499317
0.052650 19.561996
0.052700 -6.174545
0.052750 -28.507208
0.052800 5.013144
0.052850 42.622902
0.052900 -26.613045
0.052950 -24.128812
0.053000 19.601365
0.053050 19.805421
0.053100 -9.399075
0.053150 -35.230651
0.053200 32.792355
0.053250 10.945246
0.053300 -23.109214
0.053350 -1.145805
0.053400 2.978436
0.053450 26.896885
0.053500 -37.187914
0.053550 6.131648
0.053600 29.085242
0.053650 -33.387622
0.053700 18.742667
0.053750 -15.673225
0.053800 21.194060
0.053850 -2.268194
0.053900 -42.760382
0.053950 63.749035
0.054000 -31.471579
0.054050 -11.234253
0.054100 19.616284
0.054150 -19.239367
0.054200 44.212236
0.054250 -58.080457
0.054300 16.201014
0.054350 43.333305
0.054400 -55.520023
0.054450 30.211797
0.054500 -17.736909
0.054550 15.920111
0.054600 10.322348
0.054650 -49.809356
0.054700 55.872127
0.054750 -19.564308
0.054800 -18.858496
0.054850 27.228498
0.054900 -18.497297
0.054950 21.285983
0.055000 -28.506470
0.055050 6.638246
0.055100 36.066391
0.055150 -43.531514
0.055200 5.253418
0.055250 15.523595
0.055300 5.527089
0.055350 -6.951702
0.055400 -32.281284
0.055450 38.802742
0.055500 11.133842
0.055550 -33.917281
0.055600 -0.364582
0.055650 9.622661
0.055700 28.414533
0.055750 -27.563116
0.055800 -24.981812
0.055850 36.258366
0.055900 2.222094
0.055950 -1.975458
0.056000 -30.154687
0.056050 7.266952
0.056100 44.941029
0.056150 -34.406356
0.056200 -6.316856
0.056250 -5.329019
0.056300 22.323576
0.056350 24.960931
0.056400 -64.434506
0.056450 23.238978
0.056500 20.713562
0.056550 -2.266659
0.056600 -1.222906
0.056650 -49.989714
0.056700 59.820070
0.056750 4.448460
0.056800 -39.928771
0.056850 14.738431
0.056900 -14.886985
0.056950 46.714210
0.057000 -26.443834
0.057050 -31.901419
0.057100 40.433966
0.057150 -12.753508
0.057200 16.198792
0.057250 -24.634655
0.057300 -7.998675
0.057350 34.637743
0.057400 -15.731133
0.057450 1.913310
0.057500 -17.368799
0.057550 10.971745
0.057600 19.634108
0.057650 -17.147180
0.057700 -6.809797
0.057750 -4.956791
0.057800 28.351195
0.057850 -9.719003
0.057900 -17.399664
0.057950 6.795075
0.058000 2.153860
0.058050 22.523509
0.058100 -31.229553
0.058150 0.081059
0.058200 19.341625
0.058250 -11.202492
0.058300 16.957410
0.058350 -29.674538
0.058400 7.994003
0.058450 23.319680
0.058500 -19.560392
0.058550 8.816336
0.058600 -21.529091
0.058650 16.178253
0.058700 24.173605
0.058750 -37.056361
0.058800 2.970421
0.058850 11.860933
0.058900 9.050726
0.058950 -3.254290
0.059000 -31.409469
0.059050 25.270336
0.059100 20.100425
0.059150 -30.595793
0.059200 0.277343
0.059250 8.646893
0.059300 9.086290
0.059350 -4.063275
0.059400 -23.284035
0.059450 26.974665
0.059500 -0.795217
0.059550 -19.444781
0.059600 16.723972
0.059650 -6.076041
0.059700 4.639349
0.059750 -10.675654
0.059800 5.465323
0.059850 17.420203
0.059900 -29.934546
0.059950 10.343482
0.060000 10.490946
0.060050 0.897032
0.060100 -13.726563
0.060150 -10.869721
0.060200 38.317876
0.060250 -21.144669
0.060300 -9.667551
0.060350 5.625687
0.060400 5.936222
0.060450 17.597447
0.060500 -44.268364
0.060550 27.421842
0.060600 8.864145
0.060650 -21.611039
0.060700 21.417917
0.060750 -30.499634
0.060800 32.153566
0.060850 -9.897841
0.060900 -19.339572
0.060950 37.509326
0.061000 -41.852225
0.061050 27.364330
0.061100 1.942752
0.061150 -22.074772
0.061200 25.663373
0.061250 -31.799246
0.061300 35.307236
0.061350 -7.937009
0.061400 -33.026858
0.061450 37.500000
0.061500 -12.765839
0.061550 8.481853
0.061600 -16.706744
0.061650 -6.747132
0.061700 39.042276
0.061750 -26.101483
0.061800 -7.322419
0.061850 4.687961
0.061900 10.000503
0.061950 10.631333
0.062000 -31.173110
0.062050 7.014179
0.062100 16.813643
0.062150 2.098476
0.062200 -12.699797
0.062250 -19.145756
0.062300 30.919358
0.062350 6.884765
0.062400 -22.722537
0.062450 -8.300846
0.062500 9.364667
0.062550 33.903584
0.062600 -32.584995
0.062650 -24.645078
0.062700 40.358486
0.062750 0.307849
0.062800 -5.732535
0.062850 -30.098964
0.062900 15.359173
0.062950 47.485460
0.063000 -57.594528
0.063050 5.505573
0.063100 20.292622
0.063150 -5.361429
0.063200 15.751240
0.063250 -51.403880
0.063300 45.586672
0.063350 7.672982
0.063400 -47.158463
0.063450 45.895542
0.063500 -30.631121
0.063550 20.110974
0.063600 -3.978643
0.063650 -26.971178
0.063700 57.206692
0.063750 -55.857727
0.063800 16.484999
0.063850 23.421575
0.063900 -32.452006
0.063950 30.624563
0.064000 -40.000482
0.064050 33.654719
0.064100 7.144070
0.064150 -41.783324
0.064200 37.864796
0.064250 -22.825474
0.064300 18.342710
0.064350 -3.816610
0.064400 -21.371584
0.064450 28.412865
0.064500 -22.052002
0.064550 23.187609
0.064600 -12.386286
0.064650 -20.322924
0.064700 30.226296
0.064750 -5.992169
0.064800 5.085645
0.064850 -31.235838
0.064900 13.222561
0.064950 40.645431
0.065000 -38.564322
0.065050 -10.984520
0.065100 9.822645
0.065150 28.347504
0.065200 -5.898785
0.065250 -49.274132
0.065300 32.499555
0.065350 25.536743
0.065400 -22.748495
0.065450 -12.440140
0.065500 -2.980680
0.065550 30.553230
0.065600 -2.469641
0.065650 -33.331310
0.065700 18.821481
0.065750 3.329921
0.065800 0.915904
0.065850 7.906191
0.065900 -31.034527
0.065950 18.830625
0.066000 11.538186
0.066050 -8.748581
0.066100 3.355033
0.066150 -33.296093
0.066200 39.267008
0.066250 14.988232
0.066300 -46.293808
0.066350 10.674932
0.066400 6.519479
0.066450 28.516524
0.066500 -24.207470
0.066550 -38.497281
0.066600 52.474494
0.066650 3.004041
0.066700 -22.146777
0.066750 -14.034420
0.066800 11.928263
0.066850 32.801352
0.066900 -30.057079
0.066950 -15.696292
0.067000 18.691520
0.067050 14.616171
0.067100 -11.425098
0.067150 -16.538909
0.067200 10.914990
0.067250 8.543083
0.067300 4.795704
0.067350 -23.085303
0.067400 6.038561
0.067450 16.963191
0.067500 -12.947273
0.067550 7.811832
0.067600 -19.617034
0.067650 16.832806
0.067700 11.801544
0.067750 -29.209653
0.067800 19.776927
0.067850 -10.221482
0.067900 8.904900
0.067950 3.907909
0.068000 -24.252185
0.068050 26.960351
0.068100 -12.754269
0.068150 0.652877
0.068200 8.570412
0.068250 -18.903646
0.068300 18.023634
0.068350 -4.484303
0.068400 -1.406824
0.068450 -1.433404
0.068500 -8.346516
0.068550 21.902663
0.068600 -8.041548
0.068650 -17.528056
0.068700 9.442252
0.068750 16.954239
0.068800 -6.528516
0.068850 -25.095140
0.068900 13.315496
0.068950 25.874422
0.069000 -16.916145
0.069050 -26.719413
0.069100 19.564229
0.069150 29.467727
0.069200 -26.076332
0.069250 -28.258813
0.069300 33.100250
0.069350 20.198175
0.069400 -30.620200
0.069450 -18.358568
0.069500 26.611454
0.069550 28.443471
0.069600 -44.634558
0.069650 -13.289828
0.069700 47.815134
0.069750 -10.152252
0.069800 -17.211526
0.069850 -14.736278
0.069900 30.314809
0.069950 19.883860
0.070000 -60.336768
0.070050 28.751801
0.070100 16.337023
0.070150 -13.421121
0.070200 3.366974
0.070250 -29.807943
0.070300 47.469934
0.070350 -15.119475
0.070400 -24.451942
0.070450 30.262432
0.070500 -27.261734
0.070550 30.848940
0.070600 -13.754070
0.070650 -17.403536
0.070700 22.977714
0.070750 -15.781308
0.070800 30.254520
0.070850 -32.617635
0.070900 -11.663210
0.070950 41.619739
0.071000 -9.096440
0.071050 -12.385171
0.071100 -29.288530
0.071150 46.136921
0.071200 15.996288
0.071250 -53.026068
0.071300 3.895972
0.071350 21.983624
0.071400 33.891289
0.071450 -54.380902
0.071500 -17.872912
0.071550 61.588748
0.071600 -16.127507
0.071650 -10.486838
0.071700 -28.205010
0.071750 31.439010
0.071800 31.197946
0.071850 -59.686313
0.071900 23.376806
0.071950 1.309752
0.072000 2.612456
0.072050 14.114181
0.072100 -39.078355
0.072150 29.281096
0.072200 -6.483398
0.072250 -2.062734
0.072300 20.735766
0.072350 -43.405883
0.072400 22.524672
0.072450 19.841542
0.072500 -17.887557
0.072550 -3.983120
0.072600 -16.289878
0.072650 37.181647
0.072700 4.685276
0.072750 -49.478670
0.072800 21.247415
0.072850 22.390485
0.072900 -6.967333
0.072950 -15.724730
0.073000 -14.300082
0.073050 39.649854
0.073100 -5.061290
0.073150 -33.168325
0.073200 20.290758
0.073250 2.988159
0.073300 4.289526
0.073350 -11.761512
0.073400 -6.453019
0.073450 23.397931
0.073500 -17.176392
0.073550 2.583166
0.073600 4.736348
0.073650 -5.730077
0.073700 5.531890
0.073750 -9.120724
0.073800 14.402202
0.073850 -9.001212
0.073900 -6.227794
0.073950 11.454943
0.074000 -5.021704
0.074050 7.904234
0.074100 -17.344896
0.074150 8.462256
0.074200 12.224760
0.074250 -15.650799
0.074300 7.193655
0.074350 -10.661935
0.074400 13.888696
0.074450 4.296950
0.074500 -22.349115
0.074550 13.871228
0.074600 1.057442
0.074650 1.943015
0.074700 -4.441754
0.074750 -10.657213
0.074800 18.664553
0.074850 -0.699997
0.074900 -17.009956
0.074950 8.928449
0.075000 7.699045
0.075050 -7.927938
0.075100 0.746562
0.075150 -6.334615
0.075200 15.640771
0.075250 -3.296012
0.075300 -26.025671
0.075350 35.444970
0.075400 -10.937438
0.075450 -13.536403
0.075500 12.139203
0.075550 -10.914167
0.075600 32.114076
0.075650 -38.730308
0.075700 -2.327123
0.075750 46.668775
0.075800 -39.102425
0.075850 8.136244
0.075900 -7.886055
0.075950 15.263897
0.076000 17.491558
0.076050 -56.333399
0.076100 37.996944
0.076150 12.486064
0.076200 -24.282621
0.076250 4.045841
0.076300 -9.636270
0.076350 33.114973
0.076400 -19.057195
0.076450 -22.981656
0.076500 30.740309
0.076550 -1.039613
0.076600 -10.338474
0.076650 -7.210315
0.076700 9.822872
0.076750 9.645919
0.076800 -11.657072
0.076850 -8.517704
0.076900 13.047590
0.076950 4.451044
0.077000 -12.931595
0.077050 6.929111
0.077100 -6.464881
0.077150 7.387120
0.077200 4.988967
0.077250 -15.847432
0.077300 10.111144
0.077350 -5.898927
0.077400 11.969676
0.077450 -3.395805
0.077500 -20.742911
0.077550 22.323978
0.077600 0.706452
0.077650 -4.022372
0.077700 -14.568013
0.077750 8.046540
0.077800 22.662308
0.077850 -25.143587
0.077900 -1.665383
0.077950 5.453153
0.078000 15.661225
0.078050 -11.130103
0.078100 -21.576918
0.078150 32.493942
0.078200 -11.283187
0.078250 -2.823492
0.078300 -2.402990
0.078350 -1.235978
0.078400 22.746937
0.078450 -34.874736
0.078500 18.610273
0.078550 9.836462
0.078600 -23.058156
0.078650 18.108957
0.078700 -15.014166
0.078750 19.014191
0.078800 -8.778338
0.078850 -20.330688
0.078900 35.300409
0.078950 -17.820840
0.079000 -3.004968
0.079050 3.920019
0.079100 -4.318117
0.079150 17.142797
0.079200 -19.755357
0.079250 2.639712
0.079300 10.784420
0.079350 -10.039028
0.079400 7.453196
0.079450 -3.503124
0.079500 -5.400796
0.079550 5.523238
0.079600 3.850098
0.079650 -0.574366
0.079700 -9.963871
0.079750 -0.829631
0.079800 17.101798
0.079850 -1.265126
0.079900 -21.408992
0.079950 4.178671
0.080000 21.860151
0.080050 -5.040743
0.080100 -19.522720
0.080150 1.424940
0.080200 18.027896
0.080250 7.489571
0.080300 -27.932548
0.080350 -1.793073
0.080400 28.538396
0.080450 -10.788483
0.080500 -2.691990
0.080550 -13.802823
0.080600 8.278924
0.080650 29.593000
0.080700 -38.125336
0.080750 8.541081
0.080800 3.778401
0.080850 0.192582
0.080900 24.448775
0.080950 -52.507262
0.081000 28.495704
0.081050 17.708002
0.081100 -25.550239
0.081150 16.820945
0.081200 -35.016060
0.081250 44.735869
0.081300 -2.925240
0.081350 -45.712743
0.081400 43.432168
0.081450 -16.243185
0.081500 12.800212
0.081550 -15.922726
0.081600 -11.051665
0.081650 46.075762
0.081700 -42.515806
0.081750 6.309501
0.081800 15.107465
0.081850 -6.409376
0.081900 1.779208
0.081950 -22.136916
0.082000 35.164898
0.082050 -9.687511
0.082100 -22.923339
0.082150 15.876474
0.082200 9.406390
0.082250 1.157711
0.082300 -33.292595
0.082350 26.048974
0.082400 15.402340
0.082450 -25.874934
0.082500 -1.495301
0.082550 5.052069
0.082600 27.540219
0.082650 -33.875997
0.082700 -8.289673
0.082750 37.790316
0.082800 -16.781475
0.082850 -6.943706
0.082900 -8.905112
0.082950 25.356437
0.083000 2.201603
0.083050 -37.558764
0.083100 25.686636
0.083150 9.172921
0.083200 -8.812156
0.083250 -14.340312
0.083300 6.288570
0.083350 24.294680
0.083400 -24.227651
0.083450 -3.185912
0.083500 8.789477
0.083550 8.094739
0.083600 -5.854881
0.083650 -15.765695
0.083700 21.055027
0.083750 -7.931880
0.083800 0.405534
0.083850 2.695589
0.083900 -12.539218
0.083950 17.618001
0.084000 -10.348404
0.084050 4.453306
0.084100 0.176251
0.084150 -17.270259
0.084200 30.136704
0.084250 -11.732356
0.084300 -16.555263
0.084350 16.843498
0.084400 -5.187965
0.084450 14.104047
0.084500 -19.725790
0.084550 -10.753108
0.084600 42.205187
0.084650 -27.465113
0.084700 -7.439005
0.084750 15.304629
0.084800 -11.408912
0.084850 26.908020
0.084900 -35.766097
0.084950 4.923387
0.085000 35.737881
0.085050 -42.214300
0.085100 25.311547
0.085150 -13.507859
0.085200 -1.636357
0.085250 31.208964
0.085300 -49.300045
0.085350 34.038287
0.085400 -5.001256
0.085450 -15.094949
0.085500 31.486870
0.085550 -44.081333
0.085600 32.709136
0.085650 0.500259
0.085700 -23.376307
0.085750 25.694293
0.085800 -27.683176
0.085850 28.712156
0.085900 -7.147730
0.085950 -24.555415
0.086000 29.788866
0.086050 -12.889921
0.086100 7.798254
0.086150 -10.953812
0.086200 -4.131035
0.086250 23.490673
0.086300 -16.922420
0.086350 -0.188818
0.086400 -0.894750
0.086450 5.024554
0.086500 7.606722
0.086550 -14.837633
0.086600 2.165952
0.086650 3.059862
0.086700 7.236807
0.086750 -1.688687
0.086800 -17.738747
0.086850 11.259985
0.086900 13.170659
0.086950 -9.430526
0.087000 -10.398512
0.087050 -1.514187
0.087100 24.433243
0.087150 -4.468022
0.087200 -32.558995
0.087250 24.075253
0.087300 10.041027
0.087350 -9.698190
0.087400 -8.634392
0.087450 -8.133061
0.087500 39.656140
0.087550 -28.363527
0.087600 -15.590602
0.087650 35.820271
0.087700 -22.180475
0.087750 10.773506
0.087800 -15.406053
0.087850 11.158695
0.087900 19.329854
0.087950 -50.913736
0.088000 42.153353
0.088050 2.216663
0.088100 -27.017305
0.088150 11.274746
0.088200 -6.058852
0.088250 37.571397
0.088300 -44.565970
0.088350 -10.372089
0.088400 53.345623
0.088450 -22.798247
0.088500 -14.477813
0.088550 -12.805028
0.088600 43.249104
0.088650 -0.898539
0.088700 -53.446671
0.088750 32.306005
0.088800 15.413783
0.088850 -0.191870
0.088900 -38.986664
0.088950 12.729728
0.089000 48.073186
0.089050 -49.776620
0.089100 3.894783
0.089150 6.647978
0.089200 16.128989
0.089250 -1.080075
0.089300 -48.390806
0.089350 56.887412
0.089400 -11.674049
0.089450 -22.485525
0.089500 20.609950
0.089550 -22.672704
0.089600 38.967989
0.089650 -30.254804
0.089700 -9.333544
0.089750 37.431761
0.089800 -36.717662
0.089850 27.074862
0.089900 -11.934610
0.089950 -16.067127
0.090000 35.178659
0.090050 -26.352640
0.090100 12.225775
0.090150 -8.274819
0.090200 -10.162770
0.090250 41.463047
0.090300 -36.352806
0.090350 -7.878453
0.090400 27.049534
0.090450 -6.607697
0.090500 5.709501
0.090550 -30.906034
0.090600 17.569623
0.090650 33.135403
0.090700 -42.432760
0.090750 2.392786
0.090800 11.962739
0.090850 9.237963
0.090900 -1.873370
0.090950 -32.632834
0.091000 29.624376
0.091050 6.598833
0.091100 -15.049150
0.091150 -0.623166
0.091200 -6.718166
0.091250 23.901652
0.091300 -12.135509
0.091350 -7.154170
0.091400 2.180500
0.091450 0.504601
0.091500 19.616766
0.091550 -25.562630
0.091600 2.024469
0.091650 7.989784
0.091700 5.429922
0.091750 3.444012
0.091800 -34.034063
0.091850 30.187969
0.091900 7.015458
0.091950 -17.435195
0.092000 -0.227136
0.092050 -7.982883
0.092100 34.808408
0.092150 -23.830943
0.092200 -15.122655
0.092250 23.462690
0.092300 -5.257737
0.092350 8.032022
0.092400 -23.295374
0.092450 11.278088
0.092500 13.443905
0.092550 -14.451838
0.092600 5.816634
0.092650 -13.316314
0.092700 18.112403
0.092750 -3.126802
0.092800 -7.377057
0.092850 3.010246
0.092900 -10.695063
0.092950 29.786403
0.093000 -23.284026
0.093050 -6.092780
0.093100 15.958550
0.093150 -7.402075
0.093200 18.448709
0.093250 -37.997608
0.093300 20.041951
0.093350 24.032341
0.093400 -38.854781
0.093450 19.965043
0.093500 -10.294302
0.093550 15.139083
0.093600 -0.049392
0.093650 -34.792130
0.093700 46.631540
0.093750 -17.864380
0.093800 -17.971073
0.093850 26.158268
0.093900 -15.140888
0.093950 13.784215
0.094000 -19.436293
0.094050 1.195712
0.094100 37.585388
0.094150 -45.707236
0.094200 4.403389
0.094250 31.513030
0.094300 -21.104841
0.094350 4.491281
0.094400 -20.002587
0.094450 25.356486
0.094500 19.022884
0.094550 -60.321086
0.094600 37.366534
0.094650 12.692959
0.094700 -23.235006
0.094750 10.355783
0.094800 -24.555412
0.094850 46.339280
0.094900 -22.433013
0.094950 -32.411431
0.095000 54.119290
0.095050 -29.523374
0.095100 6.335046
0.095150 -7.831266
0.095200 1.190839
0.095250 33.110477
0.095300 -55.178521
0.095350 28.408180
0.095400 13.775632
0.095450 -20.559623
0.095500 8.535099
0.095550 -22.085262
0.095600 41.709208
0.095650 -19.820174
0.095700 -21.926032
0.095750 28.333659
0.095800 -11.977681
0.095850 18.360126
0.095900 -29.648469
0.095950 5.709610
0.096000 26.943047
0.096050 -25.886553
0.096100 13.883565
0.096150 -20.558707
0.096200 16.269819
0.096250 17.067824
0.096300 -35.055114
0.096350 16.653102
0.096400 -4.951549
0.096450 13.514779
0.096500 0.328353
0.096550 -35.028104
0.096600 34.028406
0.096650 3.096146
0.096700 -16.623153
0.096750 1.209779
0.096800 -6.590262
0.096850 28.483541
0.096900 -15.823407
0.096950 -23.039937
0.097000 31.080579
0.097050 -6.011399
0.097100 -5.106284
0.097150 -2.931728
0.097200 -4.255495
0.097250 24.486135
0.097300 -22.657973
0.097350 -2.352490
0.097400 17.874762
0.097450 -14.128816
0.097500 9.816161
0.097550 -10.546299
0.097600 4.359501
0.097650 8.105521
0.097700 -13.872024
0.097750 12.029522
0.097800 -10.115816
0.097850 5.784568
0.097900 3.416932
0.097950 -7.385966
0.098000 3.958549
0.098050 -8.762039
0.098100 21.585206
0.098150 -17.105293
0.098200 -6.797880
0.098250 17.692374
0.098300 -9.603662
0.098350 15.196030
0.098400 -33.283288
0.098450 19.641917
0.098500 24.798538
0.098550 -43.278978
0.098600 23.545364
0.098650 -13.443675
0.098700 19.775916
0.098750 2.817222
0.098800 -48.626021
0.098850 56.305392
0.098900 -18.203271
0.098950 -10.551692
0.099000 14.079693
0.099050 -26.656746
0.099100 46.833769
0.099150 -35.130106
0.099200 -7.159883
0.099250 35.604296
0.099300 -32.961738
0.099350 21.645901
0.099400 -14.864248
0.099450 2.024259
0.099500 20.269549
0.099550 -33.675782
0.099600 21.988045
0.099650 2.575515
0.099700 -12.655799
0.099750 5.968843
0.099800 -5.770274
0.099850 14.056774
0.099900 -6.609923
0.099950 -12.996351
0.100000 11.365257
0.100050 9.140048
0.100100 -10.460641
0.100150 -7.278230
0.100200 8.277603
0.100250 4.386958
0.100300 1.092096
0.100350 -14.289823
0.100400 4.257279
0.100450 14.187580
0.100500 -11.462267
0.100550 0.579986
0.100600 -1.314029
0.100650 0.200836
0.100700 9.073424
0.100750 -7.837796
0.100800 -2.397187
0.100850 2.850759
0.100900 -1.401450
0.100950 9.083995
0.101000 -5.338781
0.101050 -14.643161
0.101100 16.336808
0.101150 4.519900
0.101200 -8.930580
0.101250 -2.932171
0.101300 -5.898160
0.101350 22.169888
0.101400 -6.026411
0.101450 -20.495250
0.101500 15.548603
0.101550 0.086428
0.101600 3.132655
0.101650 -2.083628
0.101700 -13.661705
0.101750 11.701666
0.101800 5.919975
0.101850 -5.495409
0.101900 1.415438
0.101950 -15.901146
0.102000 9.254300
0.102050 31.710869
0.102100 -36.722681
0.102150 -9.035652
0.102200 20.635329
0.102250 8.249196
0.102300 14.392049
0.102350 -67.063401
