0.500000 2 0.000000
0.500000 4 416.000000
0.500000 8 242.526316
0.500000 16 199.111111
0.500000 32 341.333333
0.500000 64 90.352941
0.500000 128 30.117647
0.250000 2 30.117647
0.250000 4 455.111111
0.250000 8 273.066667
0.250000 16 296.421053
0.250000 32 682.666667
0.250000 64 53.894737
0.250000 128 483.555556
0.125000 2 341.333333
0.125000 4 458.105263
0.125000 8 654.222222
0.125000 16 312.888889
0.125000 32 632.470588
0.125000 64 597.333333
0.125000 128 431.157895
0.062500 2 128.000000
0.062500 4 323.368421
0.062500 8 455.111111
0.062500 16 483.555556
0.062500 32 483.555556
0.062500 64 625.777778
0.062500 128 227.555556
0.031250 2 269.473684
0.031250 4 768.000000
0.031250 8 421.647059
0.031250 16 512.000000
0.031250 32 632.470588
0.031250 64 431.157895
0.031250 128 369.777778
