0.500000 369.777778
0.500000 654.222222
0.500000 592.842105
0.500000 404.210526
0.500000 404.210526
0.500000 682.666667
0.500000 284.444444
0.250000 451.764706
0.250000 565.894737
0.250000 540.444444
0.250000 398.222222
0.250000 640.000000
0.250000 682.666667
0.250000 512.000000
0.125000 692.705882
0.125000 739.555556
0.125000 538.947368
0.125000 485.052632
0.125000 540.444444
0.125000 455.111111
0.125000 542.117647
0.062500 768.000000
0.062500 597.333333
0.062500 625.777778
0.062500 458.105263
0.062500 700.631579
0.062500 754.526316
0.062500 538.947368
0.031250 568.888889
0.031250 572.235294
0.031250 426.666667
0.031250 711.111111
0.031250 455.111111
0.031250 682.666667
0.031250 323.368421
